sol,861203,760,760,760,760,0
ans,861203,102,102,102,102,100
sid,861203,220,220,220,220,1200
alx,861203,83,83,71,83,18000
bid,861203,159,159,159,159,0
eml,861203,203,203,203,203,7600
pnx,861203,160,160,160,160,1500
ccl,861203,227,227,227,227,38100
rtm,861203,70,70,70,70,2500
fcl,861203,27,27,27,27,20100
snm,861203,263,281,263,263,0
bsd,861203,35,35,35,35,31500
rgc,861203,445,445,445,445,6500
bds,861203,155,155,155,155,2000
mgg,861203,26,26,26,26,43000
crs,861203,15,15,15,15,0
ihn,861203,53,53,53,53,0
gpt,861203,256,257,252,256,11500
ror,861203,130,130,130,130,1000
wrf,861203,147,147,147,147,63000
dtv,861203,322,322,322,322,0
ncl,861203,244,244,244,244,0
rbs,861203,188,188,188,188,1600
jen,861203,165,165,165,165,3100
cim,861203,48,50,48,48,38000
fhf,861203,230,230,230,230,0
wmt,861203,264,264,264,264,0
qrl,861203,162,163,162,162,80100
arn,861203,417,417,417,417,0
moh,861203,21,21,21,21,37500
plp,861203,245,250,245,245,136800
cpv,861203,105,105,105,105,0
sks,861203,129,129,129,129,0
kgm,861203,750,750,750,750,0
age,861203,212,212,212,212,2500
emd,861203,250,250,250,250,200
fbg,861203,345,345,338,345,1086900
mlg,861203,117,121,117,117,131400
pay,861203,78,78,78,78,0
nio,861203,208,208,208,208,0
vpe,861203,11,11,11,11,0
qst,861203,75,75,75,75,0
wmc,861203,262,262,258,262,1819400
sed,861203,76,76,76,76,0
mac,861203,156,156,156,156,2500
bil,861203,655,675,655,655,287000
lko,861203,45,45,45,45,0
xpta,861203,92590,93030,92440,93030,0
lyg,861203,21,21,21,21,100900
bpt,861203,60,60,60,60,10800
scm,861203,102,102,102,102,0
abc,861203,233,233,233,233,0
fmh,861203,185,185,185,185,1200
jsm,861203,695,706,695,695,5000
ahd,861203,130,130,130,130,0
nml,861203,315,315,315,315,1000
sst,861203,240,240,240,240,0
aov,861203,96,96,96,96,0
ash,861203,217,217,215,217,0
wwh,861203,153,153,153,153,0
dat,861203,30,30,30,30,18000
nfm,861203,394,394,391,394,10200
pia,861203,170,170,170,170,500
gvm,861203,225,240,225,225,10600
cnw,861203,44,44,44,44,0
cho,861203,348,348,348,348,800
ahy,861203,16,16,16,16,100000
mag,861203,116,116,116,116,700
ggr,861203,54,54,54,54,7300
aqc,861203,78,78,78,78,6500
ctr,861203,63,63,60,63,123800
lsc,861203,78,78,78,78,0
glp,861203,20,20,20,20,0
gal,861203,22,22,22,22,0
mim,861203,143,144,141,143,747400
nom,861203,314,314,314,314,0
vpm,861203,105,105,105,105,0
aui,861203,180,180,180,180,0
wdi,861203,392,392,379,392,1500
swh,861203,200,200,200,200,0
cad,861203,149,149,149,149,0
dor,861203,33,35,33,33,10800
fri,861203,380,380,380,380,3100
cis,861203,32,38,32,32,3000
osh,861203,83,85,83,83,40000
dmc,861203,360,360,360,360,200
eac,861203,222,222,222,222,0
bgm,861203,13,13,13,13,552000
cpc,861203,41,41,41,41,2700
gmf,861203,255,255,252,255,27500
bkw,861203,1776,1776,1776,1776,0
pmu,861203,220,220,220,220,200000
mtk,861203,62,62,62,62,54000
wsl,861203,206,206,202,206,7400
tnt,861203,261,261,254,261,848900
ssn,861203,23,24,23,23,53700
wjm,861203,301,301,301,301,1200
gow,861203,288,288,288,288,0
csd,861203,160,165,160,160,6400
khl,861203,100,100,100,100,10000
hco,861203,245,245,245,245,500
amc,861203,355,360,351,351,574200
lmc,861203,37,37,37,37,0
run,861203,175,175,175,175,0
ssl,861203,46,46,46,46,0
kup,861203,103,103,103,103,0
tny,861203,70,70,70,70,0
cfr,861203,15,15,14,15,314000
tmm,861203,75,75,75,75,500
tal,861203,135,135,135,135,3000
btg,861203,40,40,40,40,489100
olh,861203,121,121,121,121,0
aum,861203,108,108,108,108,1100
era,861203,660,660,660,660,400
cvn,861203,52,52,52,52,6300
jrv,861203,11,11,11,11,6400
nts,861203,24,24,24,24,12300
ops,861203,327,332,327,327,5600
mtb,861203,23,23,23,23,2300
grv,861203,26,26,26,26,0
bhp,861203,583,592,568,589,555700
bry,861203,288,288,277,288,18200
apg,861203,29,29,29,29,0
pdp,861203,270,273,269,270,109600
alc,861203,130,130,130,130,5000
erg,861203,161,161,161,161,39200
dnr,861203,45,45,45,45,46900
gsr,861203,200,200,200,200,2000
isr,861203,71,71,70,71,81200
imm,861203,142,144,137,142,0
syl,861203,60,60,60,60,0
ate,861203,73,73,73,73,0
gep,861203,62,62,62,62,25000
pgo,861203,348,350,340,348,30600
gcm,861203,3,4,3,3,2233100
tru,861203,911,911,911,911,900
krs,861203,165,168,165,165,8000
klz,861203,109,109,109,109,55400
bog,861203,55,55,55,55,1600
jla,861203,502,502,502,502,3400
cnl,861203,215,215,215,215,2000
flc,861203,335,335,335,335,0
alk,861203,150,150,144,150,1300
fim,861203,15,15,15,15,0
abf,861203,302,302,302,302,11700
ara,861203,6664,6703,6408,6664,27800
seq,861203,190,190,190,190,0
nps,861203,40,40,40,40,0
mln,861203,38,38,38,38,0
hrl,861203,98,101,98,98,8200
brh,861203,65,65,65,65,3500
tct,861203,325,325,325,325,2000
caa,861203,130,130,130,130,0
lan,861203,128,128,128,128,0
tgl,861203,9,9,9,9,0
mrh,861203,92,92,90,92,47700
bhh,861203,237,237,237,237,3200
plu,861203,143,145,143,143,5400
sdy,861203,144,144,144,144,0
tkr,861203,255,255,240,255,5400
psa,861203,50,50,50,50,0
her,861203,57,58,57,57,12500
sdi,861203,46,46,46,46,1000
bae,861203,52,52,52,52,900
clm,861203,85,102,85,85,27300
tth,861203,264,264,264,264,19100
far,861203,32,32,32,32,0
afi,861203,89,89,89,89,5700
adv,861203,95,95,95,95,0
anf,861203,210,210,210,210,100
cly,861203,160,160,160,160,1000
smi,861203,281,281,281,281,1400
oec,861203,364,374,364,364,78900
wad,861203,85,85,85,85,0
ccn,861203,85,85,85,85,4000
cna,861203,415,415,415,415,0
mex,861203,22,22,22,22,116900
mgl,861203,28,28,28,28,0
mat,861203,92,92,92,92,6300
srp,861203,138,138,138,138,21600
zel,861203,325,325,325,325,0
amx,861203,229,229,225,229,6700
wbc,861203,370,370,364,370,133000
mrc,861203,42,42,42,42,500
ctm,861203,88,88,88,88,12600
nph,861203,171,171,171,171,0
brd,861203,44,44,44,44,2800
awa,861203,224,224,224,224,0
gwf,861203,17,17,17,17,0
cag,861203,64,64,62,64,45800
hma,861203,135,135,135,135,0
ach,861203,189,189,189,189,0
vee,861203,34,34,34,34,5000
akc,861203,215,215,215,215,0
ghr,861203,257,257,257,257,3000
bwt,861203,220,220,220,220,4500
fai,861203,379,379,375,379,113100
ala,861203,200,200,200,200,1400
ynx,861203,22,22,22,22,6000
sub,861203,32,32,32,32,26000
pcm,861203,239,239,234,239,283000
rai,861203,36,36,34,36,675500
cmc,861203,239,239,235,239,6300
wba,861203,130,130,130,130,82600
mgt,861203,11,11,11,11,0
zap,861203,40,40,40,40,3300
prm,861203,69,70,68,69,96000
pni,861203,267,267,267,267,20800
ctx,861203,172,175,172,172,8400
kgr,861203,11,11,11,11,78400
wtp,861203,60,60,60,60,1500
hlx,861203,118,118,118,118,4400
hao,861203,16,16,16,16,11700
utl,861203,1085,1085,1085,1085,2500
emm,861203,15,15,15,15,0
whk,861203,52,52,52,52,500
bnw,861203,130,130,130,130,0
cmt,861203,136,136,136,136,0
smc,861203,105,114,105,105,97100
ewl,861203,3147,3147,3147,3147,0
acp,861203,236,236,236,236,1100
wnr,861203,112,115,112,112,6000
gma,861203,133,133,133,133,33500
fdr,861203,11,11,11,11,6100
dci,861203,622,622,622,622,0
wyl,861203,183,183,183,183,0
bgf,861203,82,82,82,82,27800
hah,861203,222,222,222,222,37000
weg,861203,239,239,239,239,0
bic,861203,148,148,148,148,2400
lei,861203,75,75,75,75,22000
pae,861203,36,36,36,36,0
crr,861203,1231,1319,1231,1231,400
btr,861203,62,62,60,62,400800
rag,861203,186,186,185,186,1672500
pfp,861203,169,169,169,169,0
auc,861203,285,285,281,285,82200
gpy,861203,84,84,82,84,58800
ckg,861203,55,55,55,55,0
ici,861203,231,231,231,231,10800
bpc,861203,237,237,237,237,40000
ion,861203,11,11,11,11,2500
nlb,861203,70,70,70,70,0
zex,861203,165,165,165,165,4200
nci,861203,73,73,73,73,0
eqt,861203,365,365,365,365,0
dks,861203,175,175,175,175,0
met,861203,327,327,327,327,4400
jod,861203,372,372,372,372,14700
aog,861203,68,68,68,68,800
cog,861203,34,34,32,34,48700
hak,861203,152,152,152,152,0
pha,861203,83,83,83,83,4800
cmx,861203,66,68,66,66,50200
cin,861203,477,477,477,477,300
nab,861203,373,378,373,373,872300
wak,861203,70,70,70,70,0
ptd,861203,155,155,155,155,2100
bkl,861203,97,97,97,97,2700
aro,861203,38,38,36,38,82000
hcl,861203,260,260,260,260,24400
ark,861203,20,21,20,20,9000
bgd,861203,122,122,122,122,13000
kmt,861203,267,267,267,267,0
irc,861203,382,382,382,382,200
vss,861203,1045,1045,1045,1045,0
nbh,861203,213,215,211,213,172800
ppp,861203,6,6,6,6,4100
crt,861203,77,77,77,77,0
rth,861203,417,417,417,417,0
scn,861203,28,28,28,28,0
hil,861203,142,142,142,142,4700
mah,861203,154,154,154,154,1400
mlt,861203,364,364,364,364,0
ssg,861203,416,416,416,416,500
agd,861203,56,56,56,56,0
cbn,861203,32,32,32,32,0
nmp,861203,102,102,101,102,25400
cdg,861203,28,28,28,28,8000
cnt,861203,18,18,18,18,10000
gdm,861203,64,68,64,64,18400
cvc,861203,36,36,36,36,0
wvi,861203,20,20,20,20,3000
dav,861203,226,226,226,226,0
grm,861203,40,40,40,40,0
dom,861203,63,63,63,63,27700
skl,861203,199,199,199,199,1900
cud,861203,216,216,216,216,0
dgd,861203,39,39,37,39,31000
sgf,861203,559,559,559,559,0
gme,861203,16,16,16,16,255700
bsg,861203,146,146,146,146,1800
mld,861203,202,202,202,202,1800
txr,861203,17,17,17,17,400
pch,861203,115,115,115,115,7100
bty,861203,129,129,129,129,8100
cbl,861203,13,13,13,13,0
gmk,861203,138,138,138,138,24200
chr,861203,147,147,147,147,0
quf,861203,194,194,194,194,0
ldw,861203,80,80,80,80,0
npc,861203,330,330,330,330,18400
gsm,861203,60,60,58,60,88200
bdg,861203,74,82,74,74,221500
llr,861203,49,49,49,49,0
whf,861203,84,84,84,84,0
seg,861203,32,32,32,32,1200
adh,861203,51,52,51,51,8500
lgo,861203,12,12,12,12,5900
gdp,861203,60,60,60,60,0
len,861203,10,10,10,10,36000
hsh,861203,800,800,800,800,0
bqd,861203,156,156,156,156,100
erh,861203,37,37,37,37,0
chp,861203,13,13,13,13,0
sft,861203,206,206,206,206,1900
aca,861203,208,229,208,208,68400
agl,861203,296,296,296,296,500
blo,861203,46,46,46,46,0
afu,861203,65,65,65,65,2900
cni,861203,72,72,72,72,10600
gra,861203,34,34,34,34,3200
vrg,861203,15,15,15,15,15400
gnt,861203,125,130,122,125,200600
tre,861203,43,43,43,43,0
cml,861203,204,204,198,204,261400
nng,861203,54,54,54,54,4700
zyl,861203,147,147,147,147,200
aua,861203,146,146,146,146,0
ect,861203,73,73,73,73,0
pmt,861203,540,540,540,540,0
pat,861203,154,154,154,154,0
pmm,861203,325,325,325,325,300
cip,861203,149,149,149,149,19100
aul,861203,16,16,16,16,8000
cir,861203,47,47,47,47,1300
awi,861203,81,81,79,81,6900
dio,861203,119,119,119,119,0
wpl,861203,138,138,137,138,2385000
bsc,861203,68,68,68,68,3100
edi,861203,102,102,102,102,1100
cex,861203,285,285,270,285,208900
mmf,861203,175,178,175,175,11500
sov,861203,92,92,86,92,33100
vki,861203,153,153,147,153,11200
cpl,861203,202,202,202,202,6600
spt,861203,118,118,118,118,0
shv,861203,117,117,117,117,0
csr,861203,287,287,280,287,400300
miv,861203,83,83,83,83,223300
ptz,861203,148,148,132,148,8700
reh,861203,417,417,417,417,0
smh,861203,464,464,464,464,0
spa,861203,35,35,35,35,6000
qbe,861203,112,112,112,112,9800
mch,861203,94,94,94,94,0
tir,861203,42,42,42,42,2800
aad,861203,138,138,138,138,3600
sbo,861203,34,34,34,34,0
ani,861203,156,156,156,156,2800
pgt,861203,115,115,115,115,0
clr,861203,106,114,90,106,32700
wme,861203,92,92,92,92,9600
ghi,861203,115,115,115,115,20000
sza,861203,155,160,155,155,2200
hng,861203,65,65,65,65,0
wes,861203,112,112,112,112,0
mlp,861203,293,293,293,293,800
ncp,861203,295,306,292,295,696500
rio,861203,653,655,651,653,394600
ppt,861203,592,592,592,592,1500
ccc,861203,37,37,37,37,0
hmt,861203,409,409,402,409,111100
gci,861203,463,463,463,463,0
deh,861203,180,180,180,180,0
msf,861203,525,525,525,525,0
blm,861203,16,16,16,16,6400
bor,861203,313,313,305,313,25900
kov,861203,59,59,59,59,0
rmw,861203,2000,2000,2000,2000,0
cng,861203,169,170,166,169,51900
hrw,861203,43,43,43,43,500
mem,861203,206,212,197,206,3600
tgm,861203,68,70,65,68,130000
ocn,861203,53,53,53,53,600
pby,861203,177,177,177,177,10300
nix,861203,42,42,42,42,0
cwl,861203,70,70,70,70,0
set,861203,185,185,182,185,1800
drm,861203,75,75,75,75,0
sfc,861203,108,108,108,108,0
cne,861203,9,9,9,9,0
gul,861203,65,65,65,65,100
bur,861203,230,230,230,230,31000
mxt,861203,16,16,16,16,88000
gpl,861203,16,16,16,16,26700
dfm,861203,173,173,173,173,7100
arg,861203,151,151,151,151,0
skr,861203,79,83,79,79,6000
gns,861203,100,100,100,100,0
aar,861203,19,19,19,19,0
ecm,861203,8,8,8,8,33300
anc,861203,154,154,154,154,0
stv,861203,165,165,165,165,13100
ari,861203,8,8,8,8,4100
hrg,861203,432,452,432,432,1800
may,861203,282,282,282,282,1200
ktr,861203,67,67,67,67,1000
sto,861203,331,331,331,331,35400
umg,861203,225,225,225,225,4000
spp,861203,18,20,18,18,22800
vlt,861203,29,29,29,29,63700
mct,861203,47,47,47,47,7400
gud,861203,138,138,138,138,200
crc,861203,93,93,84,93,10600
bri,861203,38,38,38,38,0
dev,861203,97,97,97,97,2800
mka,861203,29,29,29,29,0
iro,861203,332,332,332,332,200
sbm,861203,28,28,27,28,11700
elt,861203,80,80,78,80,55000
aqs,861203,86,86,83,86,20500
bab,861203,286,289,286,286,5000
sog,861203,159,159,159,159,0
bta,861203,21,21,21,21,14400
swd,861203,49,49,48,49,11000
wsf,861203,425,425,425,425,7100
crg,861203,290,290,290,290,0
anz,861203,353,359,353,359,1097700
mcp,861203,123,123,123,123,2200
prh,861203,198,198,196,198,15400
cep,861203,195,195,195,195,1400
aig,861203,51,51,51,51,0
hlm,861203,17,17,17,17,3500
rgr,861203,22,24,22,22,2400
trl,861203,40,40,40,40,1300
ndy,861203,94,94,90,94,42600
llc,861203,848,857,839,848,175500
cmf,861203,79,79,79,79,18700
vwd,861203,10,10,10,10,0
cln,861203,75,78,75,75,53500
esi,861203,28,28,28,28,50800
rpg,861203,87,87,87,87,20400
trn,861203,163,172,163,163,33400
wft,861203,170,170,170,170,21800
htk,861203,345,345,345,345,1200
gtn,861203,80,80,80,80,0
car,861203,75,75,75,75,106700
pfm,861203,100,100,100,100,0
wlh,861203,11274,11838,10710,11274,23400
cyg,861203,217,217,217,217,1900
