sol,861222,859,859,859,859,0
ans,861222,110,110,110,110,100
alx,861222,77,77,77,77,1700
sid,861222,220,220,220,220,0
bid,861222,159,159,159,159,0
eml,861222,200,200,200,200,0
pnx,861222,223,223,223,223,2700
ccl,861222,249,249,249,249,400
rtm,861222,62,62,62,62,0
fcl,861222,26,26,26,26,0
snm,861222,308,308,308,308,0
bsd,861222,39,39,39,39,0
rgc,861222,492,492,492,492,0
bds,861222,150,150,150,150,36500
mod,861222,265,265,265,265,64000
ual,861222,13,13,13,13,836200
mgg,861222,23,23,23,23,0
crs,861222,14,14,14,14,0
ihn,861222,52,52,52,52,0
gpt,861222,258,258,258,258,0
ror,861222,150,150,150,150,0
wrf,861222,132,132,132,132,0
dtv,861222,366,366,366,366,0
ncl,861222,272,272,272,272,0
rbs,861222,201,201,201,201,0
jen,861222,164,164,164,164,1000
cim,861222,59,59,59,59,0
fhf,861222,219,219,219,219,0
wmt,861222,252,252,252,252,0
qrl,861222,162,162,162,162,0
shr,861222,190,190,190,190,0
arn,861222,433,433,433,433,0
moh,861222,21,21,21,21,0
plp,861222,250,250,250,250,0
cpv,861222,115,115,115,115,0
sks,861222,149,149,149,149,0
kgm,861222,727,727,727,727,0
age,861222,212,212,212,212,0
emd,861222,230,230,230,230,0
fbg,861222,359,359,359,359,0
mlg,861222,129,129,129,129,0
nio,861222,200,200,200,200,0
vpe,861222,9,9,9,9,0
qst,861222,72,72,72,72,0
wmc,861222,292,292,292,292,0
mac,861222,140,140,140,140,18200
sed,861222,74,74,74,74,0
bil,861222,671,673,671,671,32100
lko,861222,43,43,43,43,0
xpta,861222,93710,94510,93620,94340,0
lyg,861222,23,23,23,23,0
bpt,861222,66,66,66,66,0
scm,861222,134,134,134,134,0
abc,861222,296,296,296,296,0
eqk,861222,80,80,80,80,0
fmh,861222,198,198,198,198,1700
jsm,861222,595,595,595,595,0
ahd,861222,144,144,144,144,0
nml,861222,325,325,325,325,0
sst,861222,240,240,240,240,0
aov,861222,92,92,92,92,0
ash,861222,237,237,237,237,0
wwh,861222,154,154,154,154,0
mdr,861222,57,57,57,57,0
dat,861222,30,30,30,30,0
nfm,861222,507,507,507,507,0
pia,861222,170,170,170,170,0
gvm,861222,225,225,225,225,0
cnw,861222,42,42,42,42,0
cho,861222,362,362,362,362,600
ahy,861222,14,14,14,14,0
mag,861222,123,123,123,123,0
aqc,861222,75,75,75,75,0
ggr,861222,51,51,51,51,0
ctr,861222,82,82,82,82,0
lsc,861222,75,75,75,75,0
glp,861222,20,20,20,20,0
gal,861222,23,23,23,23,0
mim,861222,143,143,141,143,109600
nom,861222,343,343,343,343,0
vpm,861222,100,100,100,100,0
aui,861222,186,186,186,186,0
gpa,861222,2250,2250,2250,2250,0
wdi,861222,392,392,392,392,200
swh,861222,207,207,207,207,0
cad,861222,175,175,175,175,1800
dor,861222,29,29,29,29,0
fri,861222,380,380,380,380,0
cis,861222,30,30,30,30,0
osh,861222,89,89,89,89,0
dmc,861222,330,330,330,330,0
eac,861222,222,222,222,222,0
bgm,861222,13,13,13,13,0
cpc,861222,33,33,33,33,2700
bkw,861222,1961,1961,1961,1961,0
gmf,861222,276,276,276,276,0
pmu,861222,250,250,250,250,0
mtk,861222,62,62,62,62,0
wsl,861222,210,210,210,210,0
tnt,861222,275,275,275,275,0
ssn,861222,23,23,23,23,0
wjm,861222,310,310,310,310,0
gow,861222,282,282,282,282,0
csd,861222,175,175,175,175,0
khl,861222,102,102,102,102,10800
hco,861222,196,196,196,196,125400
amc,861222,355,355,352,355,106300
lmc,861222,32,32,32,32,0
run,861222,163,163,163,163,0
ssl,861222,48,48,48,48,0
kup,861222,95,95,95,95,0
tny,861222,60,60,60,60,0
cfr,861222,24,25,23,24,628000
tmm,861222,75,75,75,75,0
tal,861222,135,135,135,135,2200
btg,861222,40,40,40,40,0
olh,861222,114,114,114,114,0
aum,861222,94,94,94,94,0
era,861222,700,700,700,700,0
cvn,861222,52,52,52,52,6300
jrv,861222,7,7,7,7,0
cpm,861222,45,45,45,45,0
nts,861222,27,27,27,27,0
ops,861222,327,327,327,327,0
mtb,861222,22,22,22,22,0
bmp,861222,154,154,154,154,0
grv,861222,25,25,25,25,0
bhp,861222,595,600,595,599,1624800
bry,861222,274,274,274,274,0
apg,861222,29,29,29,29,0
pdp,861222,291,291,291,291,0
alc,861222,120,120,120,120,5000
erg,861222,145,145,145,145,0
dnr,861222,45,45,45,45,0
wdp,861222,50,50,50,50,0
gsr,861222,300,300,300,300,0
isr,861222,61,61,61,61,0
imm,861222,142,144,137,142,0
syl,861222,60,60,60,60,0
gep,861222,68,68,68,68,2080000
ate,861222,63,63,63,63,0
pgo,861222,335,335,335,335,0
gcm,861222,6,6,6,6,0
tru,861222,933,933,933,933,0
krs,861222,170,170,170,170,3000
klz,861222,123,123,123,123,0
bog,861222,50,50,50,50,0
jla,861222,550,550,550,550,0
grt,861222,83,83,83,83,63600
cnl,861222,225,225,225,225,0
flc,861222,307,307,307,307,0
alk,861222,131,131,131,131,100
fim,861222,15,15,15,15,32600
abf,861222,308,308,308,308,0
ara,861222,6861,6861,6861,6861,0
seq,861222,228,228,228,228,0
nps,861222,40,40,40,40,0
mln,861222,38,38,38,38,0
hrl,861222,98,98,98,98,0
ape,861222,267,267,267,267,0
brh,861222,60,60,60,60,0
tct,861222,373,373,373,373,0
caa,861222,120,120,120,120,0
lan,861222,136,136,136,136,0
tgl,861222,7,7,7,7,0
mrh,861222,78,78,76,78,55100
bhh,861222,265,265,265,265,0
plu,861222,157,157,157,157,0
ged,861222,65,65,65,65,0
fec,861222,496,496,496,496,0
sdy,861222,136,136,136,136,0
tkr,861222,230,230,230,230,0
psa,861222,58,58,58,58,0
her,861222,60,64,60,60,159000
sdi,861222,45,45,45,45,0
bae,861222,52,52,52,52,0
clm,861222,81,81,81,81,2500
tth,861222,281,281,281,281,0
far,861222,46,46,46,46,0
afi,861222,97,97,97,97,0
adv,861222,98,98,98,98,0
anf,861222,185,185,185,185,1400
cly,861222,170,170,170,170,0
smi,861222,334,334,334,334,0
oec,861222,407,407,407,407,0
wad,861222,85,85,85,85,0
ccn,861222,118,118,118,118,0
gri,861222,800,800,800,800,0
cna,861222,448,448,448,448,0
mex,861222,22,22,22,22,0
mgl,861222,28,28,28,28,0
mat,861222,92,92,92,92,0
srp,861222,145,145,145,145,0
zel,861222,340,340,340,340,0
amx,861222,265,265,265,265,0
wbc,861222,396,396,396,396,0
mrc,861222,51,51,51,51,190400
ctm,861222,88,88,88,88,300
brd,861222,44,44,44,44,0
nph,861222,171,171,171,171,0
awa,861222,234,234,234,234,0
cag,861222,62,63,62,62,33000
gwf,861222,19,19,19,19,0
hma,861222,135,135,135,135,0
ach,861222,202,202,202,202,0
vee,861222,30,30,30,30,0
akc,861222,215,215,215,215,0
ghr,861222,197,197,197,197,9400
dsf,861222,53,53,53,53,0
bwt,861222,220,220,220,220,0
fai,861222,398,398,398,398,0
ala,861222,150,150,150,150,600
ynx,861222,20,20,20,20,10000
sub,861222,30,30,30,30,0
pcm,861222,262,262,262,262,80700
rai,861222,36,36,36,36,0
cmc,861222,225,225,225,225,0
wba,861222,129,129,129,129,0
mgt,861222,8,8,8,8,0
zap,861222,45,45,45,45,16700
prm,861222,68,68,68,68,0
mmm,861222,140,140,140,140,0
pni,861222,287,287,287,287,0
ctx,861222,175,175,175,175,5000
kgr,861222,14,14,14,14,0
wtp,861222,65,65,65,65,1000
hlx,861222,107,107,107,107,11000
hao,861222,14,14,14,14,0
utl,861222,1085,1085,1085,1085,900
emm,861222,16,16,16,16,0
whk,861222,52,52,52,52,0
bnw,861222,140,140,140,140,0
cmt,861222,139,139,139,139,0
smc,861222,107,107,107,107,0
rvi,861222,99,99,99,99,0
ewl,861222,2606,2606,2606,2606,0
acp,861222,227,227,227,227,200
wnr,861222,130,130,130,130,0
gma,861222,143,143,143,143,0
fdr,861222,12,12,12,12,0
vec,861222,180,180,180,180,450000
dci,861222,844,844,844,844,0
wyl,861222,183,183,183,183,0
bgf,861222,73,73,73,73,86900
ssc,861222,103,103,103,103,33100
hah,861222,240,240,240,240,1000
weg,861222,257,257,257,257,0
bic,861222,148,148,148,148,4500
lei,861222,75,75,75,75,0
pae,861222,31,31,31,31,0
crr,861222,1187,1187,1187,1187,0
btr,861222,68,68,68,68,0
rag,861222,200,200,200,200,0
pfp,861222,153,153,153,153,0
auc,861222,306,306,306,306,0
gpy,861222,87,87,87,87,3000
ckg,861222,48,48,48,48,0
ici,861222,270,270,270,270,0
bpc,861222,237,237,237,237,60000
ion,861222,10,10,10,10,2500
nlb,861222,77,77,77,77,0
zex,861222,154,154,154,154,0
nci,861222,82,82,82,82,0
eqt,861222,395,395,395,395,0
dks,861222,175,175,175,175,0
met,861222,354,354,354,354,0
abd,861222,21,21,21,21,0
jod,861222,406,406,406,406,0
aog,861222,68,68,68,68,3900
exi,861222,94,94,94,94,0
cog,861222,35,35,35,35,0
hak,861222,160,160,160,160,0
pha,861222,83,83,83,83,0
cmx,861222,86,86,86,86,0
cin,861222,493,493,493,493,0
nab,861222,448,448,442,448,4363400
wak,861222,84,84,84,84,0
ptd,861222,188,188,188,188,0
mom,861222,42,42,42,42,0
bkl,861222,90,90,90,90,0
aro,861222,42,42,42,42,0
hcl,861222,315,315,315,315,2800
ark,861222,27,27,27,27,0
bgd,861222,120,120,120,120,1000
kmt,861222,279,279,279,279,0
irc,861222,346,346,346,346,0
vss,861222,1012,1012,1012,1012,0
nbh,861222,217,217,217,217,0
ppp,861222,7,7,7,7,0
crt,861222,82,82,82,82,0
olp,861222,55,55,55,55,0
rth,861222,455,455,455,455,0
scn,861222,28,28,28,28,0
hil,861222,159,159,159,159,1600
mah,861222,154,154,154,154,0
mlt,861222,362,362,362,362,0
ssg,861222,412,412,412,412,2100
cri,861222,429,429,429,429,0
agd,861222,56,56,56,56,0
cbn,861222,29,29,29,29,0
nmp,861222,101,101,101,101,1157300
lvg,861222,28,28,28,28,0
cdg,861222,32,32,32,32,0
cnt,861222,15,15,15,15,0
gdm,861222,64,64,64,64,0
cvc,861222,38,38,38,38,0
wvi,861222,21,21,21,21,0
dav,861222,267,267,267,267,0
grm,861222,40,40,40,40,0
dom,861222,66,66,66,66,0
skl,861222,176,176,176,176,0
cud,861222,208,208,208,208,0
dgd,861222,33,33,33,33,8000
gme,861222,18,18,18,18,0
bsg,861222,135,135,135,135,0
mld,861222,231,231,231,231,0
txr,861222,16,16,16,16,0
pch,861222,110,110,110,110,1000
iiv,861222,20,20,20,20,0
bty,861222,144,144,144,144,65400
cbl,861222,14,14,14,14,0
gmk,861222,154,154,154,154,0
chr,861222,147,147,147,147,0
quf,861222,208,208,208,208,0
ldw,861222,80,80,80,80,0
npc,861222,435,435,435,435,20600
gsm,861222,70,70,70,70,0
bdg,861222,79,79,79,79,0
llr,861222,52,52,52,52,0
whf,861222,80,80,80,80,0
seg,861222,36,36,36,36,1200
adh,861222,56,56,56,56,100
lgo,861222,12,12,12,12,0
gdp,861222,55,55,55,55,0
len,861222,9,9,9,9,28700
hsh,861222,800,800,800,800,0
bqd,861222,159,159,159,159,1000
erh,861222,32,32,32,32,0
chp,861222,11,11,11,11,0
sft,861222,188,188,188,188,100
aca,861222,156,167,151,156,82200
agl,861222,310,310,310,310,500
blo,861222,46,46,46,46,0
afu,861222,72,72,72,72,0
cni,861222,69,69,69,69,0
gra,861222,34,34,34,34,8100
vrg,861222,12,12,12,12,0
gnt,861222,132,135,130,132,50100
tre,861222,42,42,42,42,0
cml,861222,211,211,209,211,96300
nng,861222,61,61,61,61,0
zyl,861222,107,107,107,107,2600
aua,861222,156,156,156,156,0
ase,861222,60,60,60,60,0
ect,861222,69,69,69,69,0
pmt,861222,540,540,540,540,0
wfi,861222,129,129,129,129,0
pat,861222,142,142,142,142,0
pmm,861222,325,347,303,325,3200
cip,861222,138,138,138,138,900
aul,861222,20,20,20,20,0
cir,861222,45,45,45,45,0
awi,861222,88,88,88,88,400
dio,861222,104,104,104,104,0
wpl,861222,135,135,135,135,0
bsc,861222,76,76,76,76,2500
edi,861222,132,132,132,132,0
sov,861222,86,86,86,86,0
cex,861222,322,322,322,322,0
mmf,861222,195,195,195,195,0
vki,861222,128,128,128,128,0
cpl,861222,206,206,206,206,0
spt,861222,118,118,118,118,0
shv,861222,119,119,119,119,0
csr,861222,328,330,324,328,1228300
miv,861222,71,71,71,71,0
mzg,861222,75,75,75,75,0
ptz,861222,132,148,132,132,4200
reh,861222,408,408,408,408,0
smh,861222,464,464,464,464,0
spa,861222,40,40,40,40,0
qbe,861222,126,126,126,126,527800
mch,861222,94,94,94,94,0
tir,861222,34,35,34,34,43400
aad,861222,146,146,143,146,8200
sbo,861222,34,34,34,34,0
ani,861222,161,161,161,161,0
pgt,861222,110,110,110,110,0
clr,861222,146,146,146,146,10500
wme,861222,92,92,92,92,0
ghi,861222,117,117,117,117,10000
hng,861222,68,68,68,68,0
sza,861222,145,145,145,145,0
wes,861222,116,116,116,116,0
ncp,861222,292,292,292,292,0
mlp,861222,264,264,264,264,0
tya,861222,1975,1975,1975,1975,0
rio,861222,687,688,685,687,314300
ppt,861222,640,640,640,640,0
hmt,861222,417,417,417,417,0
ccc,861222,45,45,45,45,0
gci,861222,490,490,490,490,0
deh,861222,192,192,192,192,0
msf,861222,467,467,467,467,0
blm,861222,16,16,16,16,0
bor,861222,328,328,325,328,174900
kov,861222,57,57,57,57,0
rmw,861222,2000,2000,2000,2000,0
atr,861222,833,833,833,833,0
cng,861222,192,195,192,195,17500
mem,861222,212,212,212,212,0
hrw,861222,43,43,43,43,0
ocn,861222,61,61,61,61,0
tgm,861222,60,60,60,60,0
pby,861222,177,177,177,177,0
nix,861222,47,47,47,47,0
cwl,861222,70,70,70,70,0
drm,861222,68,68,65,68,1100
set,861222,202,202,202,202,0
cne,861222,9,9,9,9,0
sfc,861222,105,105,105,105,0
gul,861222,90,90,90,90,100
bur,861222,235,235,235,235,0
mxt,861222,16,16,16,16,0
gpl,861222,18,18,18,18,0
dfm,861222,173,173,173,173,87100
arg,861222,159,159,159,159,0
skr,861222,91,91,91,91,0
gns,861222,105,105,105,105,0
aar,861222,18,18,18,18,0
ecm,861222,8,8,8,8,0
anc,861222,149,149,149,149,0
stv,861222,165,165,165,165,0
tam,861222,195,195,195,195,0
ari,861222,8,8,8,8,1700
bet,861222,89,89,89,89,0
hrg,861222,432,432,432,432,0
may,861222,309,309,309,309,0
ktr,861222,67,67,67,67,0
sto,861222,343,343,343,343,0
umg,861222,210,210,210,210,0
spp,861222,20,20,20,20,0
vlt,861222,27,27,27,27,0
mct,861222,44,44,44,44,22200
gud,861222,133,133,133,133,0
crc,861222,93,93,93,93,7000
bri,861222,37,37,37,37,0
dev,861222,126,126,126,126,0
mka,861222,31,31,31,31,0
iro,861222,371,371,371,371,0
sbm,861222,25,25,25,25,0
elt,861222,90,90,90,90,0
aqs,861222,88,88,88,88,0
bab,861222,289,289,289,289,0
bta,861222,21,21,21,21,0
sog,861222,159,159,159,159,9800
swd,861222,58,58,58,58,0
wsf,861222,481,481,481,481,0
crg,861222,298,298,298,298,0
anz,861222,357,357,353,357,177700
mcp,861222,128,128,128,128,0
prh,861222,198,198,198,198,0
cep,861222,195,195,195,195,0
aig,861222,45,45,45,45,0
hlm,861222,17,17,17,17,0
rgr,861222,42,42,42,42,0
trl,861222,40,40,40,40,0
ndy,861222,94,94,94,94,0
llc,861222,883,883,883,883,0
cmf,861222,80,80,80,80,0
vwd,861222,10,10,10,10,0
cln,861222,65,65,65,65,14000
esi,861222,30,30,30,30,0
rpg,861222,83,83,83,83,2200
trn,861222,188,188,188,188,116000
wft,861222,174,174,174,174,0
htk,861222,332,332,332,332,0
gtn,861222,80,80,80,80,0
car,861222,87,87,87,87,0
pfm,861222,122,122,122,122,0
wlh,861222,12960,12960,12402,12960,10800
cyg,861222,221,221,221,221,0
