sol,861128,810,810,810,810,0
sid,861128,222,222,222,222,1800
alx,861128,67,67,67,67,300
bid,861128,179,179,179,179,0
eml,861128,200,200,200,200,10300
pnx,861128,178,178,178,178,4000
ccl,861128,224,224,224,224,8700
rtm,861128,65,65,60,65,13000
fcl,861128,28,28,28,28,2200
snm,861128,272,272,272,272,0
bsd,861128,39,39,39,39,6000
rgc,861128,430,430,425,430,64900
bds,861128,155,155,155,155,1000
mgg,861128,26,26,25,26,28000
crs,861128,15,15,15,15,21200
ihn,861128,55,55,55,55,0
gpt,861128,254,256,254,254,178600
ror,861128,150,150,150,150,0
wrf,861128,152,152,142,152,68000
dtv,861128,312,312,312,312,0
ncl,861128,248,248,248,248,0
jen,861128,174,174,174,174,2100
cim,861128,42,42,40,42,255000
wmt,861128,276,276,240,276,100000
fhf,861128,230,230,230,230,1100
qrl,861128,163,164,162,163,242000
shr,861128,210,210,210,210,0
arn,861128,417,417,417,417,100
moh,861128,21,21,20,21,3000
plp,861128,250,252,250,250,308900
cpv,861128,105,105,105,105,1600
sks,861128,142,142,142,142,0
kgm,861128,750,750,750,750,5500
emd,861128,240,240,240,240,3600
fbg,861128,343,343,338,343,953900
mlg,861128,121,121,117,121,118100
pay,861128,78,78,78,78,0
nio,861128,204,204,204,204,0
vpe,861128,10,10,10,10,10000
qst,861128,80,80,80,80,0
wmc,861128,258,264,258,258,625200
sed,861128,70,70,70,70,0
mac,861128,170,170,170,170,29500
lko,861128,45,45,45,45,0
xpta,861128,92750,92750,92750,92750,0
lyg,861128,25,25,23,25,320400
bpt,861128,62,62,60,62,17000
scm,861128,102,102,102,102,0
abc,861128,233,233,233,233,0
fmh,861128,182,182,182,182,0
jsm,861128,706,706,706,706,0
ahd,861128,130,130,130,130,0
nml,861128,320,320,318,320,5300
sst,861128,240,240,240,240,0
aov,861128,104,104,104,104,0
ash,861128,210,210,205,210,0
wwh,861128,153,153,153,153,0
dat,861128,30,30,30,30,50000
nfm,861128,402,402,402,402,30600
pia,861128,165,165,165,165,0
gvm,861128,240,255,240,240,11500
cnw,861128,44,44,44,44,0
ahy,861128,16,16,16,16,25000
cho,861128,345,345,345,345,200
mag,861128,116,116,116,116,1700
ggr,861128,51,51,51,51,3300
aqc,861128,80,80,80,80,0
ctr,861128,63,65,60,63,275200
lsc,861128,80,80,80,80,0
glp,861128,20,20,20,20,20100
gal,861128,23,23,23,23,0
nom,861128,329,329,319,329,29000
vpm,861128,116,116,116,116,0
aui,861128,180,180,180,180,0
wdi,861128,392,392,392,392,500
cad,861128,149,149,146,149,12300
swh,861128,200,200,200,200,0
dor,861128,29,29,29,29,0
fri,861128,400,400,400,400,200
cis,861128,30,30,30,30,2000
osh,861128,90,92,90,90,177300
dmc,861128,360,360,360,360,0
eac,861128,222,222,222,222,0
bgm,861128,13,13,12,13,1817400
cpc,861128,41,43,41,41,13500
gmf,861128,255,255,249,255,106700
bkw,861128,1776,1776,1776,1776,0
pmu,861128,223,223,223,223,100
mtk,861128,64,64,64,64,0
wsl,861128,202,202,202,202,4200
tnt,861128,261,265,260,261,81100
ssn,861128,24,24,24,24,17500
wjm,861128,293,293,293,293,200
gow,861128,294,294,294,294,1600
csd,861128,160,160,160,160,10800
khl,861128,100,100,100,100,50000
hco,861128,306,306,245,306,1700
lmc,861128,32,32,32,32,0
ssl,861128,48,48,48,48,0
run,861128,175,175,175,175,0
kup,861128,111,111,111,111,0
tny,861128,70,70,70,70,0
cfr,861128,14,14,14,14,15800
tmm,861128,80,80,80,80,0
tal,861128,130,130,130,130,400
btg,861128,40,40,40,40,503400
olh,861128,121,121,121,121,0
aum,861128,99,104,99,99,23000
era,861128,672,672,672,672,0
cvn,861128,52,52,52,52,1600
jrv,861128,12,12,12,12,4300
nts,861128,24,24,24,24,9800
ops,861128,327,327,327,327,0
mtb,861128,22,22,22,22,13600
bmp,861128,168,168,168,168,18100
bry,861128,293,293,288,293,7800
apg,861128,31,31,31,31,0
pdp,861128,287,294,285,287,1389500
alc,861128,135,135,135,135,1000
erg,861128,165,169,165,165,21100
dnr,861128,46,47,45,46,105200
isr,861128,65,65,62,65,60000
imm,861128,142,144,137,142,0
syl,861128,60,60,60,60,0
ate,861128,73,73,73,73,0
gep,861128,65,65,65,65,25000
pgo,861128,350,385,350,350,64700
gcm,861128,3,3,3,3,1788900
tru,861128,889,889,889,889,0
krs,861128,173,173,173,173,9000
klz,861128,109,109,109,109,500
bog,861128,55,55,55,55,7200
jla,861128,535,535,526,535,16200
cnl,861128,250,250,250,250,0
flc,861128,335,335,335,335,300
alk,861128,156,156,156,156,2300
fim,861128,15,15,15,15,6500
abf,861128,300,302,297,300,60700
ara,861128,6901,6999,6901,6901,5800
seq,861128,171,171,171,171,0
nps,861128,40,40,40,40,0
mln,861128,38,38,38,38,0
hrl,861128,98,98,98,98,21700
brh,861128,69,69,69,69,0
tct,861128,298,298,297,298,200
caa,861128,135,135,135,135,0
lan,861128,128,128,128,128,0
tgl,861128,9,9,9,9,100
mrh,861128,93,93,90,93,36300
bhh,861128,260,265,260,260,48100
plu,861128,149,149,145,149,2900
sdy,861128,144,144,144,144,0
tkr,861128,240,250,240,240,4100
psa,861128,48,48,48,48,0
her,861128,60,60,55,60,608000
sdi,861128,45,45,45,45,0
bae,861128,56,56,56,56,900
clm,861128,110,110,90,110,19400
tth,861128,271,271,271,271,0
far,861128,41,41,41,41,0
afi,861128,89,89,89,89,18000
adv,861128,95,95,95,95,14000
anf,861128,219,219,219,219,1000
cly,861128,160,160,160,160,3000
smi,861128,281,281,281,281,16900
oec,861128,378,402,378,378,51300
wad,861128,85,85,85,85,0
ccn,861128,80,80,80,80,0
cna,861128,415,415,415,415,0
mex,861128,23,23,22,23,42600
mgl,861128,28,28,28,28,0
mat,861128,88,88,88,88,0
srp,861128,140,140,138,140,1200
zel,861128,350,350,350,350,400
amx,861128,229,229,229,229,7000
wbc,861128,361,364,361,361,127200
mrc,861128,42,42,42,42,26600
ctm,861128,85,85,85,85,8200
nph,861128,171,171,171,171,0
brd,861128,47,47,47,47,0
awa,861128,226,226,224,226,18800
gwf,861128,15,15,15,15,0
cag,861128,65,65,65,65,28200
ach,861128,189,189,189,189,0
akc,861128,207,207,207,207,0
vee,861128,35,35,35,35,8000
ghr,861128,227,227,227,227,8000
ala,861128,195,195,195,195,0
fai,861128,374,374,374,374,11500
sub,861128,39,40,39,39,24000
rai,861128,44,44,44,44,0
pcm,861128,246,252,246,246,320700
ynx,861128,24,24,24,24,12000
cmc,861128,235,240,235,235,75800
wba,861128,109,109,109,109,0
mgt,861128,10,10,10,10,0
zap,861128,45,45,45,45,5600
prm,861128,70,70,63,70,164000
pni,861128,261,262,258,261,173700
ctx,861128,172,175,172,172,10900
kgr,861128,12,12,12,12,36000
wtp,861128,65,65,65,65,42000
hlx,861128,123,123,123,123,28600
hao,861128,16,17,15,16,126000
utl,861128,1193,1193,1193,1193,100
emm,861128,16,16,16,16,17500
whk,861128,52,52,52,52,0
bnw,861128,130,130,130,130,4000
cmt,861128,136,136,136,136,0
smc,861128,114,114,112,114,69100
ewl,861128,3087,3087,2847,3087,1200
acp,861128,236,236,236,236,200
wnr,861128,120,125,120,120,10700
gma,861128,125,125,120,125,400
fdr,861128,10,10,10,10,0
dci,861128,667,667,667,667,0
wyl,861128,181,181,181,181,2600
bgf,861128,79,79,78,79,4600
hah,861128,223,223,220,223,6000
weg,861128,239,239,239,239,1600
bic,861128,158,158,148,158,2400
lei,861128,77,77,77,77,19800
pae,861128,33,33,33,33,0
crr,861128,1407,1407,1363,1407,1000
btr,861128,61,61,61,61,62400
rag,861128,185,185,183,185,1161800
pfp,861128,169,169,169,169,12100
gpy,861128,83,83,83,83,0
auc,861128,285,288,279,285,293700
ckg,861128,55,55,55,55,0
ici,861128,226,227,226,226,84300
bpc,861128,237,237,237,237,250000
ion,861128,11,11,11,11,17500
nlb,861128,70,70,70,70,0
zex,861128,192,192,187,192,4700
nci,861128,78,78,78,78,0
dks,861128,173,173,173,173,0
met,861128,318,318,318,318,2500
jod,861128,378,378,378,378,5100
aog,861128,65,65,65,65,300
cog,861128,32,32,31,32,146200
hak,861128,145,145,145,145,0
pha,861128,83,83,83,83,0
cmx,861128,68,68,68,68,35000
cin,861128,517,517,517,517,0
wak,861128,74,76,74,74,4400
ptd,861128,145,145,145,145,0
bkl,861128,92,92,92,92,0
aro,861128,35,35,34,35,24000
hcl,861128,255,255,250,255,3700
ark,861128,20,20,20,20,15000
bgd,861128,115,115,115,115,1000
kmt,861128,267,267,267,267,0
irc,861128,382,382,382,382,4400
vss,861128,1045,1045,1045,1045,0
nbh,861128,213,215,213,213,694700
ppp,861128,6,6,6,6,22600
crt,861128,77,77,77,77,6200
rth,861128,417,419,417,417,146500
scn,861128,30,30,30,30,0
hil,861128,162,162,162,162,5100
mah,861128,154,154,154,154,0
mlt,861128,364,364,364,364,3900
ssg,861128,416,416,416,416,500
agd,861128,56,56,56,56,0
cbn,861128,26,26,26,26,0
nmp,861128,101,101,101,101,10300
cdg,861128,28,28,28,28,0
cnt,861128,15,15,15,15,0
gdm,861128,64,65,64,64,14300
cvc,861128,36,36,36,36,0
wvi,861128,21,21,21,21,0
dav,861128,226,226,226,226,0
grm,861128,40,40,40,40,0
dom,861128,68,68,66,68,30400
skl,861128,185,185,185,185,3500
cud,861128,208,208,208,208,200
sgf,861128,498,498,498,498,0
gme,861128,17,17,17,17,25600
bsg,861128,126,126,126,126,400
mld,861128,207,207,207,207,11100
pch,861128,105,105,105,105,1500
txr,861128,17,17,17,17,2800
bty,861128,129,129,125,129,10100
cbl,861128,13,13,13,13,38300
gmk,861128,135,135,135,135,1100
chr,861128,147,147,147,147,0
quf,861128,194,194,194,194,7900
ldw,861128,80,80,80,80,1400
npc,861128,357,360,348,357,13200
gsm,861128,60,60,58,60,13500
bdg,861128,78,78,78,78,44100
llr,861128,48,48,48,48,0
whf,861128,84,84,84,84,0
seg,861128,32,32,32,32,5000
adh,861128,51,51,51,51,2000
lgo,861128,12,12,12,12,0
gdp,861128,60,60,60,60,0
len,861128,11,11,11,11,17200
hsh,861128,850,850,850,850,0
bqd,861128,159,159,159,159,100
erh,861128,36,36,36,36,0
chp,861128,13,13,13,13,0
sft,861128,169,178,169,169,2400
agl,861128,288,288,288,288,2600
aca,861128,250,266,250,250,14600
blo,861128,46,46,46,46,6500
afu,861128,67,67,67,67,0
gra,861128,34,34,34,34,3200
cni,861128,72,72,72,72,40400
vrg,861128,14,14,14,14,11800
gnt,861128,138,138,135,138,618100
tre,861128,43,43,43,43,0
cml,861128,205,206,204,206,810400
nng,861128,54,54,54,54,10400
zyl,861128,134,134,134,134,3000
aua,861128,175,175,175,175,0
ect,861128,74,74,74,74,0
pmt,861128,540,540,540,540,0
pat,861128,147,147,147,147,0
pmm,861128,347,379,325,347,8100
aul,861128,16,16,16,16,0
awi,861128,79,79,76,79,800
cir,861128,49,49,49,49,1900
dio,861128,123,123,123,123,0
wpl,861128,140,143,135,140,562000
bsc,861128,68,68,68,68,0
edi,861128,100,100,100,100,400
cex,861128,261,266,256,261,62400
mmf,861128,180,180,180,180,1500
sov,861128,92,92,86,92,97900
vki,861128,147,153,147,147,20600
cpl,861128,207,207,207,207,2300
spt,861128,120,122,120,120,1800
shv,861128,117,117,117,117,0
miv,861128,75,75,75,75,700
ptz,861128,132,148,132,132,3000
reh,861128,417,417,417,417,600
spa,861128,38,38,38,38,37000
qbe,861128,117,117,117,117,618700
mch,861128,94,94,94,94,0
aad,861128,136,138,136,136,7800
tir,861128,46,46,42,46,3600
sbo,861128,34,34,34,34,3200
ani,861128,156,156,156,156,23800
pgt,861128,115,115,115,115,2000
clr,861128,147,152,147,147,77100
wme,861128,92,92,92,92,0
ghi,861128,118,118,118,118,2000
hng,861128,65,65,65,65,8300
sza,861128,165,170,163,165,40900
wes,861128,112,112,112,112,0
mlp,861128,283,283,283,283,18900
ncp,861128,295,295,292,295,333200
ppt,861128,600,600,600,600,14000
ccc,861128,35,35,35,35,55500
hmt,861128,409,409,402,409,21400
gci,861128,454,454,454,454,0
deh,861128,192,192,192,192,9000
msf,861128,517,517,517,517,0
blm,861128,16,16,16,16,7500
rmw,861128,2000,2000,2000,2000,300
hrw,861128,43,43,43,43,0
mem,861128,227,227,227,227,0
tgm,861128,67,70,67,67,7000
pby,861128,180,180,180,180,544000
nix,861128,41,41,41,41,0
cwl,861128,70,70,70,70,2000
drm,861128,80,80,80,80,500
cne,861128,8,8,8,8,0
sfc,861128,108,108,108,108,0
gul,861128,65,65,65,65,11000
bur,861128,215,215,196,215,5100
gpl,861128,16,16,16,16,0
mxt,861128,16,16,14,16,90200
dfm,861128,173,173,173,173,300
arg,861128,146,146,146,146,0
skr,861128,83,83,83,83,0
gns,861128,100,100,100,100,0
aar,861128,20,20,20,20,0
anc,861128,154,154,154,154,0
stv,861128,161,161,161,161,4400
ari,861128,8,8,8,8,700
hrg,861128,432,452,432,432,6200
may,861128,281,281,281,281,87200
ktr,861128,62,62,62,62,6100
sto,861128,335,335,331,335,316000
umg,861128,210,210,180,210,80000
spp,861128,18,18,18,18,12000
vlt,861128,28,29,28,28,29400
crc,861128,93,93,84,93,20100
bri,861128,38,38,38,38,0
dev,861128,99,99,99,99,6300
mka,861128,29,29,29,29,3400
iro,861128,351,351,351,351,0
sbm,861128,25,25,25,25,0
elt,861128,78,78,78,78,9500
aqs,861128,90,90,90,90,8200
bab,861128,289,289,289,289,0
sog,861128,155,155,155,155,8800
bta,861128,19,19,19,19,23500
swd,861128,48,48,48,48,15000
wsf,861128,428,428,428,428,0
crg,861128,290,290,290,290,0
mcp,861128,123,124,123,123,1417500
prh,861128,193,193,193,193,6100
cep,861128,201,201,201,201,0
aig,861128,51,51,51,51,11000
hlm,861128,17,17,17,17,0
rgr,861128,24,24,24,24,59200
ndy,861128,94,94,94,94,6600
llc,861128,874,874,874,874,25600
cmf,861128,80,80,80,80,0
vwd,861128,10,10,10,10,0
cln,861128,80,80,80,80,42500
esi,861128,31,31,31,31,2100
trn,861128,163,163,150,163,96200
rpg,861128,80,80,80,80,112500
wft,861128,170,170,168,170,48600
htk,861128,370,383,370,370,2800
gtn,861128,80,80,80,80,0
car,861128,68,68,68,68,700
pfm,861128,110,125,110,110,7000
wlh,861128,10710,11274,10146,10710,2400
cyg,861128,217,217,217,217,0
