sol,861204,760,760,760,760,0
ans,861204,102,102,102,102,100
sid,861204,220,220,220,220,100
alx,861204,84,88,83,84,5400
bid,861204,159,159,159,159,0
eml,861204,207,207,207,207,3800
pnx,861204,175,175,175,175,4000
ccl,861204,229,229,227,229,330400
rtm,861204,70,70,70,70,0
fcl,861204,27,27,27,27,7800
snm,861204,272,272,272,272,0
bsd,861204,37,37,37,37,75000
rgc,861204,465,465,445,465,41600
bds,861204,155,155,155,155,2000
mgg,861204,26,26,26,26,0
crs,861204,15,15,15,15,1200
ihn,861204,53,53,53,53,0
gpt,861204,256,256,254,256,24700
ror,861204,125,125,125,125,13300
wrf,861204,147,147,147,147,34000
dtv,861204,322,322,322,322,0
ncl,861204,248,248,240,248,13400
rbs,861204,188,188,188,188,800
jen,861204,165,165,165,165,3400
cim,861204,48,48,48,48,53000
fhf,861204,230,230,230,230,0
wmt,861204,264,264,264,264,430000
qrl,861204,162,163,161,162,210500
arn,861204,413,413,413,413,91200
moh,861204,21,21,21,21,700
plp,861204,248,248,245,248,105100
cpv,861204,105,105,105,105,0
sks,861204,129,129,129,129,0
kgm,861204,750,760,750,750,10500
age,861204,212,212,212,212,0
emd,861204,240,240,240,240,0
fbg,861204,345,350,345,345,2100300
mlg,861204,117,117,117,117,7900
pay,861204,78,78,78,78,10000
nio,861204,208,208,208,208,400
vpe,861204,11,11,11,11,0
qst,861204,75,75,75,75,24500
wmc,861204,266,268,262,266,1961300
sed,861204,77,77,77,77,4400
mac,861204,156,156,156,156,0
bil,861204,664,664,655,664,88900
lko,861204,43,43,43,43,31300
xpta,861204,93030,93030,92440,92950,0
lyg,861204,22,23,22,22,152100
bpt,861204,62,62,60,62,10900
scm,861204,102,102,102,102,0
abc,861204,233,233,233,233,0
fmh,861204,185,185,185,185,5400
jsm,861204,692,706,692,692,100
ahd,861204,130,130,130,130,0
nml,861204,315,315,315,315,0
sst,861204,240,240,240,240,0
aov,861204,96,96,96,96,0
ash,861204,217,219,217,217,0
wwh,861204,153,153,153,153,0
dat,861204,30,30,30,30,30000
nfm,861204,398,398,398,398,21800
pia,861204,170,170,170,170,0
gvm,861204,225,225,225,225,0
cnw,861204,44,44,44,44,0
cho,861204,348,348,348,348,800
ahy,861204,15,15,15,15,108000
mag,861204,116,116,116,116,1800
ggr,861204,54,54,54,54,0
aqc,861204,78,78,78,78,0
ctr,861204,65,66,65,65,109400
lsc,861204,78,78,77,78,6000
glp,861204,20,20,20,20,22200
mim,861204,144,146,141,144,355800
nom,861204,311,311,311,311,51800
vpm,861204,105,105,105,105,0
aui,861204,186,186,186,186,0
wdi,861204,392,392,392,392,0
swh,861204,200,200,200,200,0
cad,861204,153,153,153,153,18500
dor,861204,33,33,33,33,8400
fri,861204,380,400,380,380,1400
cis,861204,32,32,32,32,4000
osh,861204,87,87,83,87,172000
dmc,861204,360,360,360,360,0
eac,861204,222,222,222,222,7200
bgm,861204,14,14,14,14,366000
cpc,861204,41,41,41,41,2700
gmf,861204,255,255,252,255,759500
bkw,861204,1813,1813,1813,1813,100
pmu,861204,220,220,220,220,0
mtk,861204,62,62,60,62,15000
wsl,861204,206,210,206,206,381400
tnt,861204,266,268,261,266,402800
ssn,861204,23,23,23,23,24100
wjm,861204,301,301,301,301,0
gow,861204,288,288,288,288,300
csd,861204,165,165,160,165,13100
khl,861204,100,100,100,100,50000
hco,861204,265,265,265,265,1000
amc,861204,351,360,351,358,83100
lmc,861204,37,37,37,37,0
run,861204,175,175,175,175,0
ssl,861204,48,48,48,48,1200
kup,861204,102,102,102,102,1000
tny,861204,70,70,70,70,0
cfr,861204,16,17,15,16,434000
tmm,861204,75,75,75,75,1500
tal,861204,130,135,130,130,1100
btg,861204,42,42,40,42,47600
olh,861204,121,121,121,121,0
aum,861204,110,110,108,110,24400
era,861204,672,672,660,672,63900
cvn,861204,52,52,43,52,95100
jrv,861204,11,11,11,11,27400
nts,861204,24,24,24,24,0
ops,861204,327,327,327,327,2600
mtb,861204,22,22,22,22,6800
grv,861204,22,22,22,22,0
bhp,861204,595,599,592,594,1087000
bry,861204,277,282,277,277,6900
apg,861204,29,29,29,29,0
pdp,861204,282,283,276,282,420400
alc,861204,130,130,130,130,5000
erg,861204,161,165,161,161,24000
dnr,861204,45,45,45,45,2100
gsr,861204,215,215,215,215,0
isr,861204,71,71,71,71,763100
imm,861204,142,144,137,142,0
syl,861204,60,60,60,60,0
ate,861204,73,73,73,73,0
gep,861204,62,62,62,62,1000000
pgo,861204,350,350,340,350,39300
gcm,861204,4,4,4,4,960500
tru,861204,911,911,911,911,0
krs,861204,165,165,165,165,8000
klz,861204,114,114,114,114,0
bog,861204,55,55,55,55,0
jla,861204,502,502,502,502,200
cnl,861204,240,240,240,240,2000
flc,861204,335,335,335,335,0
alk,861204,138,138,138,138,1300
fim,861204,15,15,15,15,32600
abf,861204,305,305,305,305,6700
ara,861204,6763,6802,6664,6763,9700
seq,861204,190,190,190,190,0
nps,861204,40,40,40,40,0
mln,861204,38,38,38,38,3200
hrl,861204,98,101,98,98,21100
brh,861204,65,65,65,65,0
tct,861204,325,325,325,325,0
caa,861204,130,130,130,130,0
lan,861204,128,128,128,128,0
tgl,861204,9,9,9,9,0
mrh,861204,88,91,84,88,76300
bhh,861204,246,246,246,246,600
plu,861204,146,149,146,146,28600
ged,861204,60,60,55,60,266000
sdy,861204,144,144,144,144,0
tkr,861204,250,250,250,250,110300
psa,861204,48,48,48,48,0
her,861204,60,60,57,60,303500
sdi,861204,46,46,46,46,8000
bae,861204,52,52,52,52,0
clm,861204,82,82,77,82,7700
tth,861204,277,277,273,277,38000
far,861204,32,32,32,32,0
afi,861204,91,91,89,91,177200
adv,861204,95,95,95,95,0
anf,861204,210,210,210,210,200
cly,861204,160,160,158,160,11600
smi,861204,301,301,285,301,29900
oec,861204,354,364,354,354,96400
wad,861204,85,85,85,85,0
ccn,861204,75,75,75,75,11600
cna,861204,406,406,406,406,6000
mex,861204,22,22,22,22,6500
mgl,861204,28,28,28,28,6000
mat,861204,88,88,88,88,1300
srp,861204,140,140,140,140,862100
zel,861204,320,320,320,320,3100
amx,861204,240,245,237,240,35100
wbc,861204,374,374,366,374,944400
mrc,861204,42,42,42,42,1900
ctm,861204,88,88,88,88,500
nph,861204,171,171,171,171,0
brd,861204,44,44,44,44,0
awa,861204,228,228,224,228,12700
gwf,861204,17,17,17,17,0
cag,861204,59,59,58,59,23000
hma,861204,135,135,135,135,0
ach,861204,204,204,204,204,41600
vee,861204,40,40,40,40,3000
akc,861204,215,215,215,215,0
ghr,861204,242,254,242,242,26800
bwt,861204,220,220,220,220,0
fai,861204,393,393,383,393,442600
ala,861204,200,210,200,200,2300
ynx,861204,22,22,22,22,6000
sub,861204,35,35,34,35,105200
pcm,861204,239,239,236,239,311100
rai,861204,36,36,36,36,0
cmc,861204,235,238,235,235,207500
wba,861204,130,130,130,130,0
mgt,861204,11,11,11,11,0
zap,861204,40,40,40,40,3300
prm,861204,71,71,69,71,180800
pni,861204,287,287,270,287,168100
ctx,861204,172,175,172,172,21600
kgr,861204,11,11,11,11,14800
wtp,861204,60,60,60,60,77000
hlx,861204,118,118,118,118,1100
hao,861204,15,15,15,15,30100
utl,861204,1085,1085,1085,1085,3800
emm,861204,15,15,15,15,13100
whk,861204,52,52,52,52,0
bnw,861204,130,130,130,130,0
cmt,861204,136,136,136,136,0
smc,861204,102,102,95,102,583100
ewl,861204,3087,3087,3087,3087,3500
acp,861204,236,236,236,236,1100
wnr,861204,110,110,105,110,30000
gma,861204,145,145,145,145,4000
fdr,861204,11,11,11,11,1100
dci,861204,667,667,667,667,0
wyl,861204,183,183,183,183,0
bgf,861204,78,82,78,78,202300
ssc,861204,103,103,103,103,194900
hah,861204,226,226,220,226,5000
weg,861204,239,239,239,239,0
bic,861204,148,148,148,148,2800
lei,861204,73,75,73,73,137500
pae,861204,33,33,33,33,0
crr,861204,1275,1319,1275,1275,500
btr,861204,62,62,62,62,15900
rag,861204,187,187,186,187,79400
pfp,861204,169,169,169,169,0
auc,861204,285,285,283,285,108300
gpy,861204,84,84,84,84,0
ckg,861204,50,50,50,50,0
ici,861204,240,240,231,240,11100
bpc,861204,237,237,237,237,40000
ion,861204,11,11,11,11,2500
nlb,861204,69,69,67,69,11200
zex,861204,165,165,165,165,6400
nci,861204,73,73,73,73,0
eqt,861204,365,365,365,365,0
dks,861204,173,173,173,173,3700
met,861204,327,327,327,327,4700
jod,861204,372,372,372,372,46800
aog,861204,64,64,64,64,800
cog,861204,33,33,33,33,18100
hak,861204,152,152,152,152,0
pha,861204,83,83,83,83,0
cmx,861204,68,70,68,68,130500
cin,861204,477,477,477,477,300
nab,861204,378,387,378,383,617100
wak,861204,70,70,70,70,0
ptd,861204,159,159,159,159,1000
bkl,861204,97,97,97,97,0
aro,861204,38,38,38,38,78000
hcl,861204,265,265,265,265,5800
ark,861204,21,21,21,21,7500
bgd,861204,120,120,120,120,5800
kmt,861204,279,279,255,279,7000
irc,861204,382,382,382,382,100
vss,861204,1045,1045,1045,1045,0
nbh,861204,217,217,215,217,566300
ppp,861204,6,6,6,6,2100
crt,861204,77,77,77,77,6200
rth,861204,455,455,436,455,24100
scn,861204,28,28,28,28,0
hil,861204,159,159,159,159,4700
mah,861204,154,154,154,154,0
mlt,861204,368,368,368,368,0
ssg,861204,416,416,416,416,500
agd,861204,56,56,56,56,0
cbn,861204,32,32,32,32,0
nmp,861204,104,104,101,104,4600
cdg,861204,28,28,28,28,0
cnt,861204,18,18,18,18,0
gdm,861204,64,64,64,64,40500
cvc,861204,38,38,38,38,0
wvi,861204,20,20,20,20,0
dav,861204,226,226,226,226,0
grm,861204,40,40,40,40,0
dom,861204,63,63,63,63,13000
skl,861204,213,213,213,213,3700
cud,861204,212,212,212,212,8000
dgd,861204,39,39,37,38,61000
sgf,861204,559,559,559,559,0
gme,861204,16,16,16,16,800
bsg,861204,146,146,135,146,2700
mld,861204,207,207,207,207,4400
txr,861204,17,17,17,17,0
pch,861204,115,115,115,115,6000
bty,861204,125,125,125,125,8100
cbl,861204,13,13,13,13,0
gmk,861204,142,142,140,142,54800
chr,861204,147,147,147,147,0
quf,861204,203,203,194,203,1700
ldw,861204,80,80,80,80,0
npc,861204,345,345,336,345,7000
gsm,861204,60,60,60,60,10400
bdg,861204,78,78,74,78,22600
llr,861204,47,47,46,47,3600
whf,861204,84,84,84,84,0
seg,861204,32,32,32,32,1200
adh,861204,51,51,51,51,8500
lgo,861204,13,13,13,13,6100
gdp,861204,60,60,60,60,6000
len,861204,10,10,10,10,36000
hsh,861204,800,800,800,800,0
bqd,861204,151,151,151,151,100
erh,861204,35,35,35,35,200
chp,861204,13,13,13,13,46000
sft,861204,206,206,206,206,0
aca,861204,182,208,182,182,28300
agl,861204,296,296,296,296,700
blo,861204,46,46,46,46,0
afu,861204,65,65,65,65,100
cni,861204,72,72,72,72,0
gra,861204,34,34,34,34,3200
vrg,861204,15,15,15,15,65100
gnt,861204,121,125,120,121,361500
tre,861204,43,43,43,43,400
cml,861204,204,207,202,204,729000
nng,861204,54,54,54,54,2300
zyl,861204,147,147,147,147,200
aua,861204,146,146,146,146,0
ect,861204,73,73,73,73,7200
pmt,861204,540,540,540,540,0
pat,861204,147,147,147,147,0
pmm,861204,325,325,325,325,1200
cip,861204,141,141,141,141,4200
aul,861204,16,16,16,16,30000
cir,861204,47,47,47,47,900
awi,861204,81,81,81,81,9300
dio,861204,119,119,119,119,10300
wpl,861204,136,136,135,136,247000
bsc,861204,68,68,68,68,0
edi,861204,102,102,102,102,0
cex,861204,294,294,285,294,353300
mmf,861204,175,175,175,175,2000
sov,861204,86,92,86,86,43500
vki,861204,147,153,147,147,17200
cpl,861204,204,204,204,204,2300
spt,861204,118,118,118,118,0
shv,861204,119,119,119,119,0
csr,861204,290,290,282,285,592700
miv,861204,83,83,83,83,166700
ptz,861204,132,148,132,132,4500
reh,861204,417,417,417,417,0
smh,861204,464,464,464,464,0
spa,861204,35,35,35,35,0
qbe,861204,117,117,117,117,1456200
mch,861204,94,94,94,94,0
tir,861204,42,42,42,42,0
aad,861204,143,143,143,143,2000
sbo,861204,34,34,34,34,0
ani,861204,159,161,159,159,58400
pgt,861204,110,110,110,110,1200
clr,861204,106,114,106,106,28700
wme,861204,92,92,92,92,0
ghi,861204,115,115,115,115,60000
sza,861204,160,160,155,160,54700
hng,861204,43,43,43,43,0
wes,861204,116,116,116,116,136400
mlp,861204,293,293,293,293,0
ncp,861204,307,309,297,307,2123800
rio,861204,657,670,655,670,528300
ppt,861204,600,600,600,600,1700
ccc,861204,41,41,41,41,0
hmt,861204,395,402,395,395,23000
gci,861204,463,463,463,463,0
deh,861204,192,192,192,192,2500
msf,861204,521,521,521,521,0
blm,861204,16,16,16,16,2100
bor,861204,316,325,313,316,1175900
kov,861204,57,57,57,57,0
rmw,861204,2000,2000,2000,2000,0
cng,861204,171,171,171,171,15700
hrw,861204,43,43,43,43,100
mem,861204,212,212,212,212,200
ocn,861204,53,53,53,53,1200
tgm,861204,68,68,68,68,6000
pby,861204,180,180,180,180,208100
nix,861204,42,42,42,42,0
cwl,861204,70,70,70,70,0
set,861204,185,185,182,185,0
drm,861204,70,70,70,70,4500
sfc,861204,108,108,108,108,2400
cne,861204,11,11,11,11,0
gul,861204,65,65,65,65,100
bur,861204,230,230,230,230,8700
mxt,861204,17,17,17,17,41800
gpl,861204,16,16,16,16,253300
dfm,861204,173,173,173,173,7100
arg,861204,159,159,159,159,8700
skr,861204,79,79,79,79,3600
gns,861204,100,100,100,100,0
aar,861204,19,19,19,19,21000
ecm,861204,8,8,8,8,3600
anc,861204,158,158,158,158,1900
stv,861204,165,165,165,165,1500
ari,861204,8,8,8,8,8400
hrg,861204,432,432,432,432,0
may,861204,297,297,289,297,32400
ktr,861204,67,67,67,67,4200
sto,861204,331,331,327,331,108700
umg,861204,225,225,225,225,68000
spp,861204,20,20,20,20,3000
vlt,861204,26,26,26,26,11000
mct,861204,47,47,47,47,5900
gud,861204,138,138,138,138,400
crc,861204,93,93,93,93,13600
bri,861204,38,38,38,38,0
dev,861204,97,97,97,97,0
mka,861204,29,29,29,29,0
iro,861204,332,332,332,332,0
sbm,861204,27,27,27,27,8400
elt,861204,80,80,80,80,6000
aqs,861204,86,86,86,86,0
bab,861204,286,286,286,286,0
sog,861204,159,159,159,159,0
bta,861204,21,21,21,21,14400
swd,861204,49,49,49,49,4000
wsf,861204,425,425,425,425,0
crg,861204,290,290,290,290,0
anz,861204,362,365,355,362,518200
mcp,861204,123,123,123,123,800
prh,861204,198,198,198,198,8000
cep,861204,195,195,195,195,1000
aig,861204,51,51,51,51,0
hlm,861204,17,17,17,17,0
rgr,861204,23,24,23,23,66300
trl,861204,40,40,40,40,0
ndy,861204,88,88,88,88,0
llc,861204,883,883,857,883,51100
cmf,861204,79,79,79,79,0
vwd,861204,10,10,10,10,315900
cln,861204,75,75,75,75,16000
esi,861204,27,27,27,27,880400
rpg,861204,80,80,80,80,10000
trn,861204,163,163,163,163,24000
wft,861204,170,170,170,170,33400
htk,861204,358,358,358,358,600
gtn,861204,80,80,80,80,100
car,861204,68,68,68,68,0
pfm,861204,100,100,100,100,1000
wlh,861204,11274,11838,11274,11274,1200
cyg,861204,217,217,217,217,0
