gma,861121,120,120,120,120,21600
sid,861121,220,220,220,220,0
alx,861121,67,68,67,67,4900
eml,861121,203,207,200,203,9000
pnx,861121,186,186,186,186,5400
ccl,861121,208,208,208,208,47100
rtm,861121,53,53,53,53,20000
fcl,861121,25,25,25,25,4500
wyl,861121,178,178,178,178,1800
bgf,861121,65,65,65,65,4600
hah,861121,215,215,215,215,4000
bsd,861121,44,44,43,44,205000
bic,861121,138,138,138,138,3000
lei,861121,77,77,77,77,130600
rgc,861121,430,431,430,430,84700
pae,861121,39,39,39,39,36700
crr,861121,1495,1495,1451,1495,900
bds,861121,155,155,155,155,54500
btr,861121,58,59,58,58,477000
rag,861121,183,183,182,183,819400
pfp,861121,169,169,169,169,8100
gpy,861121,81,81,81,81,0
auc,861121,288,292,288,288,177500
mgg,861121,25,25,25,25,41000
ckg,861121,50,50,50,50,8000
ihn,861121,52,52,52,52,0
ici,861121,211,213,211,211,57100
gpt,861121,258,258,254,258,47200
bpc,861121,218,218,216,218,60000
wrf,861121,147,147,147,147,18000
ion,861121,11,11,11,11,7500
dtv,861121,287,287,287,287,1400
nlb,861121,73,73,73,73,7500
ncl,861121,232,232,228,232,18600
zex,861121,192,192,181,192,6000
jen,861121,169,169,169,169,8800
dks,861121,167,167,167,167,200
met,861121,301,301,301,301,6600
cim,861121,45,45,45,45,27000
wmt,861121,288,300,288,288,780000
fhf,861121,235,235,235,235,2200
qrl,861121,162,164,162,162,47800
shr,861121,230,230,220,230,11000
jod,861121,361,361,358,361,3900
aog,861121,65,65,65,65,100
arn,861121,417,417,417,417,15400
cog,861121,29,29,29,29,21500
hak,861121,140,140,140,140,0
pha,861121,83,83,83,83,600
moh,861121,21,21,21,21,0
plp,861121,260,265,260,260,68200
cmx,861121,68,68,60,68,98000
cin,861121,492,492,492,492,300
nab,861121,369,369,365,369,731300
ptd,861121,152,152,152,152,0
kgm,861121,780,780,780,780,10000
fbg,861121,333,333,331,333,1149100
emd,861121,260,260,260,260,0
mlg,861121,129,129,129,129,13200
pay,861121,80,80,80,80,0
qst,861121,75,75,75,75,2000
wmc,861121,244,246,241,244,2059300
bkl,861121,97,97,97,97,1100
aro,861121,33,33,32,33,25000
mac,861121,156,156,156,156,10700
sed,861121,66,66,66,66,0
hcl,861121,243,243,240,243,10500
ark,861121,16,16,16,16,0
kmt,861121,267,267,267,267,300
irc,861121,382,382,382,382,200
bil,861121,636,655,636,636,222800
vss,861121,1045,1045,1045,1045,600
nbh,861121,217,217,213,217,448700
ppp,861121,7,7,7,7,105700
crt,861121,77,77,77,77,7700
lko,861121,48,48,48,48,4200
xpta,861121,93230,94140,93040,94140,0
lyg,861121,18,18,18,18,130800
rth,861121,402,402,402,402,0
scn,861121,30,30,30,30,23000
hil,861121,162,162,162,162,5100
bpt,861121,58,58,57,58,41500
mah,861121,161,161,161,161,1900
ssg,861121,416,416,416,416,3500
scm,861121,102,102,102,102,0
agd,861121,56,56,56,56,0
cbn,861121,28,28,28,28,0
nmp,861121,101,101,101,101,27700
abc,861121,223,223,223,223,16600
fmh,861121,194,194,194,194,0
jsm,861121,654,654,654,654,1300
nml,861121,310,310,310,310,0
sst,861121,240,240,240,240,1200
cnt,861121,16,16,16,16,50000
gdm,861121,64,64,64,64,0
cvc,861121,32,32,32,32,19900
wvi,861121,20,20,20,20,5000
dav,861121,211,211,211,211,2000
aov,861121,104,104,104,104,0
ash,861121,204,205,201,204,0
dat,861121,28,28,28,28,39000
nfm,861121,414,414,402,414,33500
dom,861121,63,63,62,63,15500
pia,861121,160,160,160,160,0
cud,861121,208,208,208,208,0
dgd,861121,39,39,37,39,78500
gme,861121,18,18,18,18,1100
gvm,861121,225,240,225,225,3600
bsg,861121,135,135,135,135,0
cho,861121,345,345,345,345,1500
ahy,861121,14,15,14,14,66000
cnw,861121,45,45,45,45,0
mld,861121,188,188,188,188,0
mag,861121,120,120,120,120,0
aqc,861121,78,78,78,78,500
ggr,861121,54,54,54,54,0
pch,861121,95,95,95,95,20000
ctr,861121,50,50,49,50,53700
lsc,861121,78,78,78,78,0
cbl,861121,13,13,13,13,0
bty,861121,124,124,124,124,14100
gmk,861121,131,131,130,131,169000
quf,861121,189,189,189,189,0
mim,861121,134,134,131,134,912200
chr,861121,147,147,147,147,0
nom,861121,267,271,267,267,5600
npc,861121,270,270,270,270,2000
ldw,861121,80,80,80,80,2900
aui,861121,180,180,180,180,0
gsm,861121,56,56,56,56,0
llr,861121,47,47,47,47,10200
bdg,861121,78,78,78,78,14100
whf,861121,84,84,84,84,0
seg,861121,32,32,32,32,5000
adh,861121,52,52,52,52,10600
wdi,861121,392,392,392,392,0
swh,861121,193,193,193,193,4000
cad,861121,119,119,119,119,0
len,861121,11,11,11,11,5300
dor,861121,28,28,28,28,0
hsh,861121,870,870,870,870,0
bqd,861121,157,157,157,157,8600
fri,861121,420,420,420,420,1000
erh,861121,27,27,27,27,0
cis,861121,31,34,31,31,27000
chp,861121,13,13,13,13,0
sft,861121,188,188,178,188,6000
osh,861121,89,89,81,89,349800
aca,861121,250,250,229,250,90700
agl,861121,274,274,270,274,6600
dmc,861121,340,340,330,340,1000
blo,861121,47,47,47,47,0
bgm,861121,11,11,10,11,260000
afu,861121,65,65,65,65,600
cpc,861121,46,46,46,46,13500
vrg,861121,14,14,14,14,18900
pmu,861121,235,235,235,235,2100
bkw,861121,1776,1776,1776,1776,6800
gmf,861121,240,240,240,240,12500
mtk,861121,67,67,63,67,65400
wsl,861121,198,198,198,198,1100
gnt,861121,115,118,95,115,1107200
tnt,861121,259,259,256,259,206300
tre,861121,43,43,43,43,0
nng,861121,61,61,61,61,2600
cml,861121,190,197,190,197,510900
ssn,861121,24,24,23,24,22500
zyl,861121,121,121,121,121,200
wjm,861121,301,301,301,301,0
gow,861121,294,294,294,294,0
pmt,861121,540,540,540,540,0
csd,861121,165,170,165,165,3500
ect,861121,72,72,72,72,0
pat,861121,147,147,147,147,0
khl,861121,102,102,102,102,4000
pmm,861121,347,347,347,347,200
hco,861121,245,245,241,245,29400
amc,861121,337,346,337,346,267200
aul,861121,16,16,16,16,250000
ssl,861121,48,48,48,48,0
kup,861121,113,113,113,113,0
cir,861121,47,47,47,47,1900
awi,861121,62,62,61,62,6800
dio,861121,127,127,119,127,1600
cfr,861121,14,14,14,14,58000
wpl,861121,130,130,126,130,2322000
bsc,861121,60,60,60,60,0
tal,861121,125,125,125,125,600
sov,861121,92,92,69,92,16000
mmf,861121,185,185,185,185,16600
cex,861121,219,219,199,219,277600
btg,861121,39,39,38,39,164200
vki,861121,157,160,153,157,26900
cpl,861121,207,207,207,207,0
aum,861121,89,89,89,89,0
spt,861121,120,120,119,120,2400
era,861121,680,680,660,680,3500
cvn,861121,52,52,52,52,2100
shv,861121,119,119,119,119,0
csr,861121,295,295,285,288,746200
nts,861121,28,28,24,28,39400
ops,861121,318,318,318,318,6300
bmp,861121,154,154,154,154,9100
mtb,861121,23,23,23,23,0
bhp,861121,563,568,563,567,577900
apg,861121,28,28,28,28,1000
bry,861121,302,304,302,302,3600
pdp,861121,251,258,247,251,405200
alc,861121,135,135,135,135,89100
miv,861121,75,75,75,75,6000
erg,861121,153,153,153,153,36000
dnr,861121,45,46,45,45,51100
ptz,861121,132,132,132,132,4800
reh,861121,408,408,408,408,0
isr,861121,61,61,57,61,26800
spa,861121,36,37,35,36,105000
imm,861121,137,144,137,137,6400
qbe,861121,111,111,111,111,56200
syl,861121,60,60,60,60,0
gep,861121,60,60,60,60,20000
pgo,861121,380,380,330,380,149700
aad,861121,143,143,143,143,3500
tir,861121,48,49,45,48,3600
gcm,861121,2,2,2,2,0
tru,861121,889,889,889,889,400
ani,861121,155,155,155,155,79800
bog,861121,55,55,55,55,0
klz,861121,112,112,109,112,36200
pgt,861121,125,125,125,125,0
jla,861121,487,502,487,487,9500
flc,861121,328,328,328,328,0
cnl,861121,237,237,237,237,1300
clr,861121,137,139,106,137,46800
fim,861121,15,15,15,15,0
alk,861121,134,134,134,134,100
ghi,861121,115,115,115,115,20000
ara,861121,6999,6999,6901,6999,21900
abf,861121,296,297,294,296,48600
seq,861121,154,154,154,154,0
sza,861121,140,140,138,140,27900
hrl,861121,94,95,94,94,391400
wes,861121,108,108,108,108,500
mlp,861121,274,283,274,274,2400
ncp,861121,278,283,278,278,1106100
brh,861121,75,75,75,75,1000
rio,861121,629,633,623,633,550600
caa,861121,135,135,135,135,89100
ppt,861121,640,640,640,640,0
lan,861121,128,128,128,128,0
hmt,861121,402,402,395,402,12800
ccc,861121,32,32,32,32,6100
tgl,861121,10,10,10,10,700
gci,861121,454,454,454,454,0
deh,861121,176,176,176,176,2500
mrh,861121,93,93,67,93,100900
msf,861121,542,542,517,542,1300
bhh,861121,227,237,227,227,6500
plu,861121,151,153,151,151,165800
blm,861121,15,15,15,15,0
bor,861121,298,300,297,298,300400
sdy,861121,144,144,144,144,0
tkr,861121,250,250,240,250,16600
rmw,861121,2000,2000,2000,2000,1300
her,861121,60,60,57,60,62000
cng,861121,170,171,169,169,132700
psa,861121,47,47,47,47,0
hrw,861121,43,43,43,43,600
mem,861121,249,249,242,249,3600
sdi,861121,42,42,42,42,33500
tgm,861121,70,70,65,70,16000
pby,861121,177,177,175,177,5100
nix,861121,40,40,40,40,0
bae,861121,51,51,51,51,0
clm,861121,89,89,89,89,3700
tth,861121,282,282,282,282,0
far,861121,32,32,32,32,0
drm,861121,85,85,85,85,100
afi,861121,87,89,87,87,124500
cne,861121,8,8,8,8,20000
sfc,861121,106,106,106,106,1200
adv,861121,95,95,95,95,0
gul,861121,68,68,68,68,3000
cly,861121,163,163,160,163,2300
anf,861121,210,210,210,210,100
bur,861121,186,186,186,186,1500
smi,861121,281,281,275,281,8200
gpl,861121,17,17,17,17,53300
mxt,861121,16,16,16,16,46600
arg,861121,146,146,146,146,14100
gns,861121,100,100,100,100,0
aar,861121,20,21,20,20,60900
stv,861121,138,138,138,138,0
oec,861121,431,441,431,431,3900
wad,861121,88,88,88,88,200
ari,861121,8,8,8,8,1400
ccn,861121,90,90,85,90,13000
cna,861121,406,406,406,406,295900
mex,861121,24,24,24,24,78300
mgl,861121,28,28,28,28,2000
mat,861121,88,88,88,88,200
srp,861121,138,140,138,138,25900
zel,861121,290,290,290,290,0
amx,861121,221,221,221,221,8000
wbc,861121,358,362,358,358,1122800
hrg,861121,387,387,387,387,0
ktr,861121,62,65,62,62,2600
may,861121,277,277,273,277,4500
sto,861121,327,327,327,327,212900
umg,861121,165,165,165,165,21000
mrc,861121,51,51,51,51,200
ctm,861121,85,85,85,85,8200
vlt,861121,33,33,33,33,13500
crc,861121,93,93,84,93,5200
brd,861121,47,47,47,47,0
nph,861121,171,171,171,171,0
dev,861121,100,100,97,100,1800
awa,861121,219,219,219,219,2700
bri,861121,38,38,38,38,1000
gwf,861121,19,19,19,19,0
cag,861121,65,65,62,65,26100
ach,861121,187,187,187,187,0
vee,861121,45,45,45,45,0
ghr,861121,227,227,227,227,4300
bwt,861121,226,226,226,226,0
sbm,861121,25,25,25,25,13700
aqs,861121,102,102,102,102,43400
bab,861121,289,289,289,289,2500
bta,861121,22,24,22,22,19900
sog,861121,150,150,137,150,24600
fai,861121,379,379,369,379,205800
ala,861121,196,196,196,196,2400
swd,861121,47,47,47,47,7000
pcm,861121,254,259,254,254,88100
rai,861121,44,44,44,44,0
sub,861121,42,42,38,42,100200
ynx,861121,24,24,24,24,4000
cmc,861121,235,235,235,235,10900
wba,861121,106,106,106,106,0
wsf,861121,439,439,439,439,0
crg,861121,285,285,285,285,100
anz,861121,332,335,329,332,359500
mgt,861121,9,9,9,9,0
mcp,861121,123,123,123,123,1000
zap,861121,45,45,45,45,13400
prh,861121,193,193,193,193,1500
prm,861121,55,57,55,55,221000
cep,861121,201,201,201,201,0
pni,861121,247,249,247,247,353100
hlm,861121,17,17,17,17,36300
rgr,861121,23,23,20,23,118300
ctx,861121,170,170,170,170,14400
kgr,861121,11,11,11,11,44500
ndy,861121,94,94,90,94,6600
wtp,861121,51,51,51,51,2000
cmf,861121,80,80,80,80,27200
llc,861121,883,883,883,883,20300
hlx,861121,111,114,109,111,6600
vwd,861121,10,10,10,10,0
cln,861121,84,85,84,84,38500
hao,861121,15,15,15,15,0
utl,861121,1193,1301,1193,1193,9800
rpg,861121,80,80,80,80,4200
trn,861121,128,131,128,128,13600
wft,861121,174,174,174,174,34400
emm,861121,16,16,15,16,99700
bnw,861121,130,130,130,130,0
cmt,861121,136,136,136,136,4400
smc,861121,119,121,119,119,85700
htk,861121,345,345,345,345,5100
car,861121,72,72,72,72,2000
pfm,861121,100,100,100,100,26000
wlh,861121,10146,11274,10146,10146,1200
cyg,861121,217,217,217,217,100
wnr,861121,112,112,112,112,1300
