Project	ECGF	CPFD	NOF	SDC	NOOC	MAXNESTING	FANIN	LDA	NOAV	LOC	OCIO	DR	NOIC	WOC	CYCLO	LOCOMM	ALD	ICIO	NOMOD	TCC	NOLV	IF	NOGF	ATFD	NOPAR	SEC	FDP	FANOUT	LCC	LB	NOGV	ICDO	OCDO	NOMV	TIME_IDX	TIME_INFUS	TIME_DUDE
bison-2.4.1	273	199	1133	7512	3701	1285	1460	662.85	6872	25376	816	289.93	2269	5406	5406	3988	732	812	181	33.23	1909	4.55	626	2227	1843	7049	971	2160	39.28	94.22	186	570	643	406	5.01	11.53	0.55
chromium-1.9	1579	754	5349	26258	33152	4416	8017	2846.39	35568	124071	5553	1699.2	18507	23869	23869	9541	2912	5760	556	100.2	8015	89.13	3836	16400	9905	24956	7175	15466	126.94	304.63	559	3536	3720	1876	93.82	168.78	8.83
dban-2.0.0-trimmed	589	565	2595	34690	15461	2878	3766	1875.48	13253	73813	2768	645.69	6294	13902	13902	11693	1320	2234	2078	56.77	4954	238.41	1637	4442	3433	33594	1522	8503	68.99	129.61	676	1555	1656	1151	10.64	28.88	2.4
DSPP1	859	364	2752	22690	24337	5116	11326	719.35	37535	158731	6274	1741.42	27220	23612	23612	17359	698	8241	166	19.7	7907	9.17	2708	23184	5224	20372	5783	11391	21.92	364.15	433	1557	4967	437	48.28	205.32	6.46
DSPP2	1129	852	3330	25320	26589	5797	13475	854.86	43677	175126	7532	1967.07	30485	25700	25700	15863	750	9966	221	24.01	8787	8.77	3275	27205	6461	22866	8184	13250	29.92	444.72	369	2343	5928	377	90.12	291.89	7.75
ed2k-gtk-gui-0.6.4	319	144	1332	2766	12022	1528	2481	887.07	6876	34936	1208	396.36	3843	5264	5264	3081	824	1231	244	8.26	2520	1	528	1814	2605	2502	785	7345	16.52	28.96	147	693	839	379	5.06	11.4	0.75
expat-2.0.1	101	22	549	768	1590	535	822	380.72	2822	10559	387	155.08	1104	2275	2275	476	121	389	52	5.64	689	9.35	231	1123	1272	730	312	1154	7.33	21.29	14	207	243	173	5.02	6.68	0.25
fuse-2.7.4-trimmed	140	174	823	1054	3456	854	1422	343.91	5562	13312	440	201.46	1567	2731	2731	314	116	445	44	6.26	1380	5.86	207	2162	2029	960	1093	2880	7.78	26.12	4	257	310	66	5.04	6.97	0.3
gcc-4.4.1	4538	4514	35395	701750	194947	37087	71269	25814.33	160766	851490	48780	10029	120719	221108	221108	116507	10578	49013	2080	529.77	82592	89.6	16246	43135	47770	662946	23299	128109	571.39	1258.28	2973	22546	30762	6223	201.29	1354.71	138.4
gdb-6.8	5075	7059	36959	5873068	160845	42137	74980	17952.76	291183	1067899	52898	18756.64	129314	225339	225339	114271	11415	53025	2776	423.91	112276	68.75	14765	99659	73223	5684134	48432	93120	512.08	6340.69	4978	23662	39037	12296	178.14	3351.33	736.39
ghostscript-8.64	3482	6999	15627	1983376	69969	22357	28080	5909.78	156127	489216	16313	5472.94	42885	107818	107818	74328	2445	16455	3408	155.39	52501	52.4	6535	63158	41538	1838104	27470	48506	175.2	1493.91	2984	10847	11250	5042	139.37	491.15	84.74
gimp-2.6.6	5153	3635	18406	367502	181967	20097	53841	8132.17	140306	609700	39965	9477.02	74882	73077	73077	22918	5746	39993	5278	487.98	51854	49.46	7387	41434	45997	350410	16418	114645	544.29	2132.53	2145	23689	30156	4314	187.45	473.32	95.55
glib-2.20.4	1630	990	7306	61888	37394	8755	20293	4214.34	35046	155895	14110	3484.7	32328	36241	36241	9355	1804	14802	1120	51.76	12467	17.3	3020	10974	12539	60328	5503	23997	70.7	451.81	4484	6436	10107	5178	90.22	565.89	6.64
GSM_Dopra_9.0	1926	349	6061	46622	25296	6174	14050	3024.22	44463	199927	10246	2719.64	20063	27762	27762	24852	1845	10233	254	22.42	12444	14.43	6060	23831	9579	43552	9458	16603	31.58	695.59	533	3533	6186	548	53.73	255.08	21.42
gtk+-2.16.5	4188	2354	22788	57898	158278	19283	61229	14900.34	111021	517802	41764	9500.81	86275	72326	72326	23141	3153	41844	2430	136.72	39333	59.13	11738	32993	50310	53980	12572	112142	187.91	1213.26	9578	19046	29682	10916	374.86	954.65	73.57
gxine-0.5.904	226	114	1024	152	6656	975	1558	660.03	5095	19538	532	218.76	1891	3467	3467	1000	691	537	160	8.47	1627	3	343	1373	1965	136	709	5011	13.61	11	91	427	381	314	5.05	8.02	0.4
ipgrab-0.9.10	131	221	215	2466	2903	345	964	101.14	1876	12516	865	84.7	2119	1665	1665	2423	185	867	158	55.07	617	1	211	819	282	2202	340	1256	65.48	37.94	102	664	519	128	5.04	6.18	0.48
kof91	176	186	331	5554	5072	516	478	168.66	3439	19665	351	63.19	1825	4091	4091	1140	235	351	94	21.04	537	2	327	2263	679	4910	504	1261	21.86	31.69	315	311	196	415	5.04	8.94	0.45
linuxdoom-1.10	322	315	761	704	3218	1267	1620	371.23	7743	27862	1065	395.19	2639	4869	4869	2605	1824	1069	132	18.89	1618	2	759	3433	1143	638	1304	1991	26.92	37.17	692	602	872	938	5.47	10.08	0.57
lynx2-8-7	768	597	2771	13908	19283	4101	5598	1711.7	16061	109862	3994	800.27	12149	25897	25897	20229	1351	3981	217	15.55	5038	4.96	1682	6558	3891	13420	2736	8296	21.15	141.73	835	2159	2435	1758	15.24	45.38	21.5
nagios-3.1.2-trimmed	311	344	1431	64610	20709	3082	2674	856.33	13292	78485	1840	405.81	5437	16699	16699	8448	2026	1840	100	25.35	3933	20.64	1418	5811	2017	58322	1465	4757	28.46	346.4	1191	1034	966	1207	6.17	23.18	3.92
nano-2.1.10	213	49	463	548	3145	676	1149	280.85	2665	17046	790	123.03	1919	2771	2771	2892	134	790	17	0.93	951	1	462	1145	581	508	391	1870	2.24	14.83	126	423	377	168	5.02	4.44	0.53
net-snmp-5.5.pre3	2062	1924	6856	479044	48966	11890	20650	3897.28	41252	241193	17075	2496.67	36449	51147	51147	41153	2962	16939	1178	98.15	12034	81.39	5678	16327	14974	447478	6076	27760	128.71	1114.53	1371	7213	9370	2247	87.36	139.8	121.16
open-vm-tools	1240	815	4918	16501	16485	4341	7367	3482.24	23321	119033	4653	1453.31	9907	17288	17288	26952	982	4983	685	87.96	8006	76.05	2963	7905	8679	15796	3155	11985	99.3	266.02	222	2742	3451	702	35.82	59.54	10.36
openssl-1.0.0-beta3	2223	303	9605	45344	45180	9060	14936	8904.14	31911	191206	12032	2424.55	24076	45308	45308	19187	2112	11992	1065	239.49	14927	58.33	7282	2217	21151	43618	942	26738	262.24	436.88	983	9046	7825	2360	18.82	47.86	13.3
pango-1.24.5	500	579	2374	6578	10331	2507	3937	1230.7	14513	53996	2167	662.14	5454	9685	9685	2695	257	2167	420	19.84	4970	12.63	1255	5175	5094	6094	2243	7643	24.48	116.46	226	1130	1347	433	11.82	28.97	1.22
pidgin-2.5.8-trimmed	3421	1926	11425	35062	106286	12734	35136	4669.49	76425	303832	24319	4723.74	50264	48625	48625	15879	2274	23998	877	82.56	28941	40.42	4956	25928	26076	33666	12737	66628	118.16	625.12	265	12817	14395	1183	88.59	243.22	21.12
samba-3.3.7	6525	7963	20841	11125188	170256	33996	83293	7099.81	201559	633232	68315	10362.69	152546	236951	236951	34937	3456	68449	2926	200.2	65080	109.37	10940	81137	56590	10478334	37704	93471	242.68	4184.42	2292	23096	41874	3458	741.7	2716.62	135.61
SCP_VX_B207	1289	586	4824	38884	22487	6401	9743	2601.35	35182	206111	6078	1518.81	18741	30983	30983	53231	3146	6170	395	40.8	7812	35.5	4597	19401	7123	36418	7700	11460	49.75	554.1	1096	2611	4020	1350	45.05	252.49	15.51
screem-0.17.1	707	221	2662	9422	29776	2973	5639	1122.48	18213	81075	3060	1007.86	6378	10160	10160	2987	335	3065	208	47.09	7954	11.94	1011	5186	5845	8976	2806	20722	60.46	125.77	12	1495	2207	201	7.2	26.62	1.91
streamripper-1.64.6	128	105	444	1100	2577	570	770	228.52	3788	14032	456	159.6	1516	2291	2291	1355	80	457	76	10.16	1720	1.79	224	1417	933	1084	412	1201	11.38	8	16	231	334	101	5.04	5.93	0.25
StrongDC++222_src	0	0	106	0	77	5	0	106	63	257	0	0	0	68	68	5	0	0	1217	8	11	68	97	0	109	0	0	75	8	0	52	0	0	70	5.02	163.77	0.05
subversion-1.6.3	1996	1961	12704	13366255	114990	24716	53050	6899.53	137768	462830	29113	4265.56	74113	110483	110483	31036	6844	29710	1292	77.85	71339	53.02	2549	23762	45086	12351279	10915	77937	92.42	4526.29	698	9570	14150	6601	111.42	980.49	115.1
TTMU	2148	851	9345	68762	39702	10783	22916	5723.5	55882	332511	16255	3682.25	33358	45171	45171	74163	3810	16940	358	28.55	16510	12.36	8772	28004	11576	65256	8775	26317	36.33	890.78	1919	6491	11705	2388	186.11	1083.42	34.3
vi-ex-050325	344	214	619	322	3684	1130	1862	233.17	4698	23013	1291	235.97	2859	5974	5974	3505	244	1291	65	11.46	1087	2	563	2765	839	306	951	2356	14.24	7	424	899	736	494	5.04	6.24	0.91
vim72	1456	512	5612	19216	30119	8226	13893	3309.73	28008	220137	8387	1795.53	20231	42629	42629	36248	2410	8431	113	10.34	10446	6	2507	14141	793	18020	6285	21148	15.57	108.9	305	4224	5231	1539	14.43	62.67	49.84
wireshark-1.2.1	4368	4567	20573	365864	193913	21253	72017	15381.4	287935	1020642	56324	8478.04	156625	120830	120830	93290	146276	56509	2334	658.66	55691	105.37	7587	36131	59862	325744	15041	91057	821.41	2612.9	2698	28078	30054	125833	231.28	808.14	479.81
xine-lib-1.1.16.3	1548	2501	15088	81974	54370	15203	16377	9157.61	95178	339237	6667	2610.94	27396	68952	68952	28229	2232	6853	2550	96.66	29653	65.73	5135	44575	25639	78280	12553	32513	112.16	825.39	1746	4062	4752	4017	58.47	225.33	30.61
XPUa1	1388	134	5046	146314	33852	8653	10577	1959.66	59206	309348	5231	1695.41	14968	51905	51905	38315	94	6105	207	10.78	16592	10.76	4946	34651	9652	126664	9384	17310	11.04	1432.46	130	2343	3457	133	53.18	388.27	49.25
XPUa2	1324	121	19245	78596	39788	7157	7705	16397.91	50509	247239	3634	1398.64	11461	36635	36635	28438	138	3742	278	24.99	13744	13.6	19204	29593	40292	69544	5753	17666	25.84	1025.41	247	1937	2503	251	53.26	339.28	27.02
zsnes_1_51	140	95	1154	2822	5164	1312	1149	975.89	6388	27349	306	133.47	2122	5514	5514	3447	2689	322	116	17.4	1592	9.78	910	1455	828	2684	490	2593	21.29	28.49	1474	210	221	1625	5.02	8.52	0.51
faac	927	152	2354	15861	9600	3543	3336	1100.79	17775	67524	2510	642.68	5312	10991	10991	6806	737	2242	698	42.68	6170	35.2	1848	6663	4942	15430	1637	5900	49.72	150	385	1707	1591	782	36	74.38	2.42
coreutils-7.6	506	306	3243	41138	27203	4039	5236	2601.94	16444	108541	3471	1116.87	9957	24550	24550	17321	2135	3489	818	295.78	7756	3.84	1776	2516	7747	38148	952	9483	308.31	223.46	265	2628	3081	1286	9.72	29.77	4.45
snort	503	740	2200	4458	8260	2645	2566	1196.16	12473	61835	1376	522.18	4321	9006	9006	10229	553	1376	356	31.94	2621	21.14	1825	6564	4273	4246	2593	4106	39.38	101	273	980	1008	390	11.03	21.4	1.98
splint-3.1.2	3289	411	7535	12018	53103	9527	28102	4405.86	28026	147245	22038	2812.61	48852	35674	35674	16406	1584	22040	917	210.14	8354	24.97	6286	10538	11127	11356	4792	30713	218.47	171.13	573	7819	12622	974	48.67	150.68	6.05
valgrind-3.5.0	1524	549	14230	152426	79036	8807	24670	11586.33	52456	246592	11621	3495.37	71936	65197	65197	40062	4726	11925	905	277.49	20957	50.66	8674	13334	16702	144262	4916	29187	300.81	595.82	1716	4816	7403	2924	31.68	185.11	13.18
screem-0.17.1	707	221	2662	9422	29776	2973	5639	1122.48	18213	81075	3060	1007.86	6378	10160	10160	2987	335	3065	208	47.09	7954	11.94	1011	5186	5845	8976	2806	20722	60.46	125.77	12	1495	2207	201	7.2	26.62	1.91
net-snmp-5.5.pre3-trimmed	2062	1924	6856	479044	48966	11890	20650	3897.28	41252	241193	17075	2496.67	36449	51147	51147	41153	2962	16939	1178	98.15	12034	81.39	5678	16327	14974	447478	6076	27760	128.71	1114.53	1371	7213	9370	2247	87.36	139.8	121.16
coreutils-7.6	506	306	3243	41138	27203	4039	5236	2601.94	16444	108541	3471	1116.87	9957	24550	24550	17321	2135	3489	818	295.78	7756	3.84	1776	2516	7747	38148	952	9483	308.31	223.46	265	2628	3081	1286	10.03	30.09	4.41
posix2	1528	2035	6237	8956	26480	7824	13904	3870.74	31195	146645	10399	2307.32	24536	35912	35912	17949	4793	10407	957	253.4	11101	148.78	5096	13054	4793	8526	6269	15226	295.03	196.62	1713	6297	7430	3702	42.93	69.2	11.52
