sol,861212,813,813,813,813,0
ans,861212,102,102,102,102,100
sid,861212,222,222,220,222,16200
alx,861212,75,77,75,75,1300
bid,861212,159,159,159,159,0
eml,861212,203,203,203,203,0
pnx,861212,186,186,186,186,23400
ccl,861212,232,232,232,232,6800
rtm,861212,65,65,65,65,8000
fcl,861212,26,26,26,26,0
bsd,861212,40,40,38,40,43000
rgc,861212,470,470,460,470,178700
bds,861212,150,150,150,150,1000
mgg,861212,26,26,26,26,9000
crs,861212,14,14,14,14,0
ihn,861212,52,52,52,52,0
gpt,861212,258,263,258,258,25800
ror,861212,130,130,130,130,12100
wrf,861212,127,127,127,127,41000
dtv,861212,361,361,361,361,2000
ncl,861212,272,272,272,272,2800
rbs,861212,198,198,198,198,11000
jen,861212,174,174,174,174,7700
cim,861212,46,46,46,46,166000
fhf,861212,217,217,217,217,0
wmt,861212,252,252,252,252,200000
qrl,861212,161,162,161,161,400900
shr,861212,200,200,200,200,0
arn,861212,417,417,417,417,500
moh,861212,22,22,22,22,1500
plp,861212,245,245,240,245,158100
cpv,861212,105,105,105,105,0
sks,861212,133,133,133,133,0
kgm,861212,720,720,710,720,11400
age,861212,208,208,208,208,0
emd,861212,230,230,230,230,2000
fbg,861212,362,366,361,362,292000
mlg,861212,113,115,113,113,14400
nio,861212,208,208,208,208,0
vpe,861212,10,10,10,10,0
qst,861212,70,70,70,70,3000
wmc,861212,270,270,268,270,1500800
sed,861212,77,77,77,77,0
mac,861212,140,142,140,140,3700
bil,861212,685,685,682,685,258600
lko,861212,43,43,43,43,2100
xpta,861212,93030,93570,93030,93120,0
lyg,861212,21,21,21,21,54000
bpt,861212,65,65,65,65,17300
scm,861212,121,121,121,121,200
abc,861212,294,294,294,294,51600
eqk,861212,76,78,74,76,1738200
fmh,861212,189,189,189,189,400
jsm,861212,669,669,669,669,0
ahd,861212,142,142,142,142,0
nml,861212,320,320,320,320,0
sst,861212,240,240,240,240,0
aov,861212,88,92,88,88,5300
ash,861212,228,230,226,228,0
wwh,861212,154,154,154,154,0
dat,861212,30,30,30,30,20000
nfm,861212,425,425,421,425,6100
pia,861212,170,170,170,170,0
gvm,861212,210,210,195,210,5300
cnw,861212,45,45,45,45,0
cho,861212,362,362,362,362,5500
ahy,861212,17,17,17,17,20500
mag,861212,120,120,120,120,400
aqc,861212,78,78,78,78,0
ggr,861212,45,45,45,45,3300
ctr,861212,66,66,66,66,40000
lsc,861212,75,75,73,75,21500
glp,861212,20,20,20,20,0
gal,861212,23,23,23,23,0
mim,861212,147,147,146,147,436300
nom,861212,319,319,309,319,27800
vpm,861212,110,110,110,110,0
aui,861212,186,186,186,186,0
wdi,861212,385,385,385,385,0
swh,861212,207,207,203,207,14500
cad,861212,153,153,153,153,5300
dor,861212,32,32,32,32,0
fri,861212,400,400,400,400,0
cis,861212,35,35,35,35,0
osh,861212,92,95,92,92,62400
dmc,861212,370,370,370,370,500
eac,861212,222,222,222,222,0
bgm,861212,12,12,12,12,180000
cpc,861212,37,37,37,37,2700
bkw,861212,1850,1850,1850,1850,0
gmf,861212,264,264,264,264,4200
pmu,861212,250,250,250,250,1200
mtk,861212,62,62,62,62,0
wsl,861212,206,206,206,206,51700
tnt,861212,265,265,261,265,258700
ssn,861212,23,23,22,23,17500
wjm,861212,310,310,310,310,600
gow,861212,276,276,276,276,400
csd,861212,170,170,170,170,500
khl,861212,100,100,100,100,40000
hco,861212,237,237,237,237,700
amc,861212,352,355,352,355,310600
lmc,861212,33,33,33,33,0
run,861212,161,161,161,161,0
ssl,861212,48,48,48,48,0
kup,861212,95,95,95,95,0
tny,861212,70,70,70,70,0
cfr,861212,15,16,15,15,167500
tmm,861212,75,75,75,75,0
tal,861212,130,130,130,130,500
btg,861212,40,40,40,40,128500
olh,861212,114,114,114,114,0
aum,861212,107,107,107,107,0
era,861212,676,676,672,676,700
cvn,861212,43,43,43,43,10400
jrv,861212,5,6,5,5,36500
cpm,861212,47,47,47,47,2000
nts,861212,24,24,24,24,0
ops,861212,318,323,318,318,43400
mtb,861212,22,22,22,22,0
bmp,861212,154,154,154,154,3800
grv,861212,26,26,26,26,0
bhp,861212,600,607,599,600,1326000
bry,861212,282,282,281,282,141800
apg,861212,29,29,29,29,15700
pdp,861212,280,280,276,280,32200
alc,861212,130,130,130,130,5000
erg,861212,153,157,153,153,23200
dnr,861212,42,42,42,42,15800
wdp,861212,50,50,50,50,0
gsr,861212,220,230,220,220,5600
isr,861212,68,68,68,68,98800
imm,861212,142,144,137,142,0
syl,861212,60,60,60,60,0
gep,861212,68,68,68,68,1000000
ate,861212,73,73,73,73,0
pgo,861212,340,340,340,340,160400
gcm,861212,5,5,4,5,684300
tru,861212,911,911,911,911,0
krs,861212,173,174,173,173,25600
klz,861212,128,128,128,128,3200
bog,861212,50,50,50,50,2000
jla,861212,526,526,526,526,14200
grt,861212,83,83,83,83,63600
cnl,861212,225,225,225,225,0
flc,861212,335,335,335,335,0
alk,861212,125,125,125,125,700
fim,861212,17,17,17,17,0
abf,861212,302,302,300,302,40400
ara,861212,7058,7058,6999,7058,19700
seq,861212,209,209,209,209,0
nps,861212,40,40,40,40,0
mln,861212,38,38,38,38,0
hrl,861212,102,102,98,102,333400
brh,861212,58,58,58,58,0
tct,861212,373,373,373,373,0
caa,861212,130,130,130,130,0
lan,861212,130,130,130,130,0
tgl,861212,7,7,7,7,0
mrh,861212,116,119,99,116,511000
bhh,861212,241,241,237,241,3000
plu,861212,140,143,140,140,13100
ged,861212,48,51,48,48,13100
sdy,861212,132,132,132,132,700
tkr,861212,250,250,250,250,3600
psa,861212,52,52,52,52,2100
her,861212,54,55,53,54,23000
sdi,861212,45,45,45,45,0
bae,861212,52,52,52,52,900
clm,861212,89,98,89,89,7700
tth,861212,282,282,282,282,0
far,861212,41,41,41,41,2600
afi,861212,93,94,93,93,40700
adv,861212,95,95,95,95,0
anf,861212,210,210,210,210,5300
cly,861212,160,160,160,160,108600
smi,861212,288,288,281,288,3200
oec,861212,422,426,412,422,18100
wad,861212,85,85,80,85,600
ccn,861212,103,110,100,103,20400
cna,861212,389,389,389,389,5200
mex,861212,22,22,22,22,64600
mgl,861212,28,28,28,28,0
mat,861212,92,92,92,92,0
srp,861212,145,145,142,145,13600
zel,861212,320,320,320,320,0
amx,861212,253,261,253,253,18500
wbc,861212,385,387,382,385,690700
mrc,861212,42,42,42,42,500
ctm,861212,88,88,88,88,300
nph,861212,171,171,171,171,0
brd,861212,44,44,44,44,0
awa,861212,231,231,231,231,31300
cag,861212,62,62,58,62,15600
gwf,861212,19,19,19,19,0
hma,861212,135,135,135,135,10600
ach,861212,194,194,194,194,0
vee,861212,30,30,30,30,0
akc,861212,227,227,227,227,0
ghr,861212,209,212,209,209,15100
dsf,861212,53,53,53,53,1900
bwt,861212,220,220,220,220,5000
fai,861212,398,398,398,398,10600
ala,861212,180,200,180,180,11400
ynx,861212,22,22,21,22,42000
sub,861212,28,32,28,28,102200
pcm,861212,237,237,237,237,152300
rai,861212,36,36,36,36,0
cmc,861212,230,230,230,230,300
wba,861212,118,118,118,118,0
mgt,861212,9,9,9,9,0
zap,861212,41,41,41,41,22300
prm,861212,65,69,65,65,57500
mmm,861212,150,150,130,150,1000
pni,861212,292,292,289,292,145600
ctx,861212,173,173,170,173,152400
kgr,861212,12,12,12,12,21200
wtp,861212,60,60,60,60,11000
hlx,861212,109,114,109,109,9900
hao,861212,15,15,15,15,4700
utl,861212,998,998,998,998,100
emm,861212,15,15,15,15,0
whk,861212,52,52,52,52,17000
cmt,861212,134,134,134,134,0
smc,861212,105,110,105,105,146700
ewl,861212,2927,2927,2927,2927,100
acp,861212,232,232,232,232,3300
wnr,861212,130,130,130,130,77800
gma,861212,138,138,138,138,0
fdr,861212,11,11,11,11,0
dci,861212,711,711,711,711,200
wyl,861212,178,178,178,178,6400
bgf,861212,78,78,78,78,16800
ssc,861212,103,103,103,103,1900
hah,861212,243,243,240,243,336000
weg,861212,257,257,257,257,1400
bic,861212,158,168,158,158,5300
lei,861212,72,72,72,72,4200
pae,861212,33,33,33,33,19200
crr,861212,1143,1143,1143,1143,100
btr,861212,69,69,69,69,2592900
rag,861212,197,197,196,197,992500
pfp,861212,157,157,157,157,25400
auc,861212,295,295,292,295,816600
gpy,861212,92,92,92,92,0
ckg,861212,40,40,40,40,6000
ici,861212,274,277,267,274,296800
bpc,861212,239,239,239,239,20000
ion,861212,9,9,9,9,7500
nlb,861212,77,77,77,77,1500
zex,861212,148,148,148,148,4000
nci,861212,73,73,73,73,0
eqt,861212,380,380,380,380,0
dks,861212,175,175,175,175,4300
met,861212,336,336,336,336,1400
abd,861212,19,19,19,19,0
jod,861212,389,389,389,389,7200
aog,861212,65,65,64,65,176600
cog,861212,31,31,31,31,56700
hak,861212,155,155,155,155,600
pha,861212,83,83,83,83,100
cmx,861212,79,79,76,79,41500
cin,861212,493,493,493,493,0
nab,861212,414,414,407,414,523200
wak,861212,76,77,76,76,12100
ptd,861212,181,181,181,181,0
bkl,861212,97,97,97,97,3400
aro,861212,36,36,36,36,0
hcl,861212,310,310,310,310,192800
ark,861212,27,27,27,27,9000
bgd,861212,122,122,122,122,6000
kmt,861212,303,303,303,303,1100
irc,861212,382,382,382,382,0
vss,861212,1012,1045,1012,1012,100
nbh,861212,215,218,215,215,489600
ppp,861212,8,8,8,8,90300
crt,861212,79,79,79,79,2500
olp,861212,60,60,60,60,0
rth,861212,436,436,436,436,4200
scn,861212,27,27,27,27,30000
hil,861212,155,155,155,155,300
mah,861212,154,154,154,154,6600
mlt,861212,368,368,368,368,0
ssg,861212,412,412,412,412,2100
cri,861212,429,429,362,429,124000
agd,861212,56,56,56,56,0
cbn,861212,28,28,28,28,0
nmp,861212,101,101,101,101,2300
cdg,861212,30,30,30,30,0
cnt,861212,14,14,14,14,0
gdm,861212,59,59,59,59,11300
cvc,861212,43,43,43,43,14700
wvi,861212,22,22,22,22,0
dav,861212,259,259,259,259,2600
grm,861212,40,40,40,40,1000
dom,861212,62,62,60,62,40900
skl,861212,199,199,199,199,0
cud,861212,208,208,208,208,2000
dgd,861212,34,35,34,34,26900
gme,861212,18,18,18,18,6000
bsg,861212,135,135,135,135,0
mld,861212,226,226,226,226,0
txr,861212,17,17,17,17,34200
pch,861212,110,110,110,110,3000
bty,861212,145,145,145,145,3700
cbl,861212,14,14,14,14,27100
gmk,861212,141,141,141,141,22900
chr,861212,143,143,143,143,0
quf,861212,203,203,203,203,4900
ldw,861212,80,80,80,80,0
npc,861212,390,390,375,390,27300
gsm,861212,53,53,53,53,27000
bdg,861212,78,82,78,78,12100
llr,861212,46,46,46,46,0
whf,861212,84,84,84,84,0
seg,861212,32,32,32,32,1200
adh,861212,56,56,56,56,200
lgo,861212,12,12,12,12,0
gdp,861212,60,60,60,60,1000
len,861212,8,8,8,8,42100
hsh,861212,800,800,800,800,100
bqd,861212,158,158,158,158,1000
erh,861212,35,35,35,35,10000
chp,861212,13,13,13,13,0
sft,861212,169,169,169,169,0
aca,861212,146,167,125,146,158200
agl,861212,314,314,310,314,6300
blo,861212,46,46,46,46,6500
afu,861212,65,65,65,65,2300
cni,861212,71,71,71,71,200
gra,861212,32,32,32,32,1600
vrg,861212,13,14,13,13,15400
gnt,861212,140,145,132,140,620900
tre,861212,43,43,42,43,5500
cml,861212,211,214,207,211,203800
nng,861212,54,54,54,54,9100
zyl,861212,121,121,121,121,500
aua,861212,146,146,146,146,0
ase,861212,80,80,80,80,0
ect,861212,69,69,69,69,0
pmt,861212,540,540,540,540,0
wfi,861212,120,120,120,120,0
pat,861212,147,147,147,147,0
pmm,861212,347,347,347,347,4400
cip,861212,138,138,138,138,2900
aul,861212,17,17,17,17,2000
cir,861212,47,47,47,47,63700
awi,861212,81,81,81,81,7600
dio,861212,119,119,119,119,0
wpl,861212,133,135,133,133,916000
bsc,861212,80,80,80,80,3700
edi,861212,113,113,113,113,1100
sov,861212,92,92,92,92,0
cex,861212,285,285,285,285,66700
mmf,861212,180,180,180,180,19900
vki,861212,139,139,139,139,0
cpl,861212,207,207,207,207,0
spt,861212,117,118,117,117,5900
shv,861212,116,116,116,116,0
csr,861212,315,317,308,315,348700
miv,861212,79,79,79,79,0
mzg,861212,60,60,60,60,258500
ptz,861212,132,148,132,132,22400
reh,861212,408,408,408,408,8300
smh,861212,464,464,464,464,0
spa,861212,32,32,32,32,2000
qbe,861212,117,117,117,117,200
mch,861212,88,88,88,88,0
tir,861212,39,39,39,39,0
aad,861212,138,138,138,138,0
sbo,861212,32,32,32,32,0
ani,861212,164,167,164,164,4300
pgt,861212,105,105,105,105,1200
clr,861212,140,147,139,140,27600
wme,861212,92,92,92,92,900
ghi,861212,115,115,115,115,20000
sza,861212,155,155,155,155,12400
hng,861212,43,43,43,43,0
wes,861212,114,114,114,114,0
mlp,861212,264,264,264,264,84700
ncp,861212,292,293,292,292,297500
rio,861212,670,677,670,673,456200
ppt,861212,608,608,608,608,0
ccc,861212,69,69,69,69,0
hmt,861212,417,417,402,417,296700
deh,861212,200,200,200,200,0
gci,861212,463,463,463,463,0
msf,861212,533,533,533,533,0
blm,861212,16,16,16,16,27900
bor,861212,328,331,328,328,634700
kov,861212,57,57,57,57,0
rmw,861212,1950,1950,1950,1950,0
atr,861212,733,733,733,733,0
cng,861212,172,172,171,171,10700
mem,861212,212,212,212,212,1200
hrw,861212,43,43,43,43,0
ocn,861212,50,50,50,50,1200
tgm,861212,65,65,65,65,40000
pby,861212,180,180,180,180,1200
nix,861212,41,41,41,41,0
cwl,861212,70,70,70,70,0
set,861212,219,219,219,219,0
drm,861212,65,70,65,65,34100
sfc,861212,108,108,100,108,0
cne,861212,9,9,9,9,0
gul,861212,80,80,80,80,60600
bur,861212,230,230,230,230,6600
mxt,861212,16,16,16,16,0
gpl,861212,14,14,14,14,18700
dfm,861212,173,173,173,173,7100
arg,861212,154,154,154,154,0
skr,861212,81,81,81,81,377400
gns,861212,105,105,105,105,0
aar,861212,19,19,19,19,0
ecm,861212,8,8,8,8,0
anc,861212,158,158,158,158,0
stv,861212,165,165,165,165,0
tam,861212,120,120,111,120,113000
ari,861212,8,8,8,8,1400
bet,861212,45,45,45,45,0
hrg,861212,432,432,432,432,0
may,861212,309,309,309,309,7800
ktr,861212,67,67,67,67,2100
sto,861212,331,331,327,331,188700
umg,861212,225,240,225,225,11000
spp,861212,20,20,20,20,0
vlt,861212,26,26,26,26,500
mct,861212,45,45,45,45,7400
gud,861212,133,133,133,133,5300
crc,861212,93,93,84,93,10700
bri,861212,36,36,36,36,0
dev,861212,103,103,103,103,0
mka,861212,31,31,31,31,0
iro,861212,332,332,332,332,3500
sbm,861212,25,27,25,25,7200
elt,861212,95,95,90,95,22000
aqs,861212,91,91,91,91,0
bab,861212,289,289,289,289,0
bta,861212,21,21,21,21,0
sog,861212,159,159,159,159,0
swd,861212,49,49,49,49,60000
wsf,861212,453,453,453,453,2100
crg,861212,290,290,290,290,0
anz,861212,365,365,359,365,1225300
mcp,861212,128,128,128,128,7700
prh,861212,198,198,198,198,8100
cep,861212,187,187,187,187,0
aig,861212,51,51,51,51,0
hlm,861212,17,17,17,17,7300
rgr,861212,30,30,30,30,153800
trl,861212,40,40,40,40,0
ndy,861212,98,98,98,98,500
llc,861212,891,891,883,891,66900
cmf,861212,79,79,79,79,56100
vwd,861212,10,10,10,10,162700
cln,861212,78,80,78,78,38500
esi,861212,28,28,28,28,0
rpg,861212,77,77,77,77,2200
trn,861212,175,175,169,175,32200
wft,861212,173,173,172,173,16400
htk,861212,345,345,345,345,1400
gtn,861212,80,80,80,80,0
car,861212,78,78,78,78,0
pfm,861212,100,100,100,100,6300
wlh,861212,12402,12402,11274,12402,7200
cyg,861212,221,221,221,221,0
